0.470808
0.507347
-0.783928
1.574951
1.563979
0.055698
1.062230
-0.888824
-0.196976
-2.588183
0.692048
0.593991
1.284348
0.052105
1.616246
-0.057968
0.429793
-0.135541
-1.249728
0.700717
0.609837
-0.873938
-0.095032
0.137071
0.051217
-0.372541
-0.827972
0.512244
0.876902
-0.576354
1.888817
0.348992
-1.381769
0.861738
-1.206738
0.616917
1.776892
0.360912
0.054361
-0.539677
0.348818
-0.376191
-1.894694
-0.574660
0.160000
-0.514175
1.472219
0.022746
-1.530508
0.161183
-0.831688
1.112429
0.161193
2.062636
1.142531
-1.168942
-0.670744
0.817901
0.333517
0.216897
1.380861
-0.197623
-0.550775
-0.532625
-0.618045
-0.102625
2.361448
-0.154453
1.323631
1.447384
1.221583
-2.066412
0.075513
-0.177808
0.820824
0.578328
0.869968
-0.041058
-1.305987
-0.836277
0.684379
0.650191
0.501897
0.696241
-1.105990
-0.492471
-1.814328
-0.327897
-0.226677
0.458149
-1.201602
0.460369
0.794394
-0.394376
0.721139
2.001424
-1.324302
0.409783
-0.821004
1.185551
0.340247
-0.600155
0.977174
-0.024050
1.444158
-3.739048
-0.958495
-1.984158
-0.341062
0.348662
-0.013717
-0.282029
0.757040
-0.213871
1.400868
-0.954892
-0.532968
-0.230979
1.504110
-0.041769
1.839699
0.205724
0.059063
0.941581
-0.311420
0.852323
-1.181684
-0.096767
0.901557
-1.059652
-0.389360
-0.512788
-0.064438
-0.084602
1.104502
-1.989580
-0.741316
-0.278066
1.175077
0.065979
-1.415172
1.443966
0.015109
-0.306545
0.504436
-0.586880
-0.281106
-1.687943
-1.298662
-2.855066
-1.260298
-2.051510
-1.540626
-0.898764
0.328128
0.982893
-1.246339
1.744824
-0.457644
-0.160823
1.139063
1.400116
0.697892
-0.143882
0.984987
0.128187
0.532042
-0.251117
-0.069707
-0.005053
0.823399
-0.410707
-0.066127
0.738733
1.207800
2.133460
0.756201
-0.297325
-0.623179
0.842607
0.711745
-1.016697
-0.873312
0.071695
0.567832
0.050139
0.276559
0.050754
0.424142
2.402011
0.444834
-0.328419
-0.556200
1.176501
-0.546689
1.282602
0.243260
0.129153
0.744702
0.532830
0.733119
0.506570
-0.773589
1.044184
1.103057
0.773213
0.078163
-0.013209
-0.771848
-0.670164
0.093264
-0.576625
0.528397
0.102715
0.353177
-0.829932
-1.196669
-1.446137
-1.356575
-0.304572
-0.431957
-0.366893
0.207205
0.794058
-0.697769
1.979623
1.563210
-0.838679
0.062237
0.932389
-0.015245
-1.736413
-0.301954
-0.557284
0.199613
0.237506
0.176958
1.698334
0.675273
0.544285
0.028233
0.523905
0.197209
-3.089837
0.376614
0.277903
-1.937685
2.239504
-0.411349
0.400828
-0.215754
-0.061761
0.399740
-1.589071
-0.232945
-1.988685
-0.377688
3.148422
1.102212
-0.127385
-0.105122
-1.152682
0.126100
-0.799133
-0.110688
-0.686298
0.414075
2.060383
0.348434
1.777106
1.297833
0.762843
0.180745
-1.868837
0.429298
0.480634
0.772256
-0.542968
-1.307595
0.669606
0.049681
1.409130
0.031162
-0.444276
-0.686603
-1.923700
-0.120791
1.841294
-2.452971
1.158654
0.764507
0.233336
0.142824
-0.773393
-0.491293
-0.524808
2.485486
-0.795549
0.311256
0.742171
1.477453
-0.418340
-0.235623
0.198702
0.491867
0.614949
0.906398
0.460671
1.223244
0.759854
-0.994151
0.704073
-1.387633
-0.878979
0.103576
-1.492286
-0.701556
-0.730738
0.036003
0.102325
0.839810
0.614288
-1.598236
-0.576363
-1.487837
-0.254738
0.428975
2.408773
-0.220355
0.858874
1.114249
-0.681133
0.540330
-1.767992
-0.067526
-0.632788
-0.617117
0.409123
0.026965
1.095366
1.665456
0.407137
-0.733287
-0.840015
-0.044293
1.377299
0.503296
-0.149400
0.199160
-0.637062
-0.573262
0.946491
-1.297467
-0.709590
0.007222
-0.216541
-1.413807
0.822450
-0.209053
-1.390831
-0.734091
-0.233890
-0.528274
0.492614
-0.453160
0.497224
-0.699787
-0.107293
1.339816
0.240203
0.298505
2.315777
0.105708
0.712284
0.503279
-0.665946
-0.903967
0.988709
0.235445
-0.753106
-0.205391
-0.335499
-0.226488
0.851940
-1.310690
-0.559401
0.193842
0.842035
1.135326
-0.134539
1.500122
0.341228
0.091922
1.079841
1.357826
0.703224
0.186829
0.709966
0.032413
-0.911937
-0.056644
0.219464
0.363270
1.950401
-1.190325
-1.010670
-0.080805
-1.419189
0.569531
-0.108373
-0.602186
-0.193322
-1.468270
-2.780841
-0.564017
-0.047242
2.571694
0.265770
1.239899
-0.603659
1.140323
0.039282
-0.398670
1.047028
-0.770078
-0.606241
-1.792933
0.559229
-0.543900
0.554041
-1.296615
-1.331943
0.744213
0.155521
0.391077
-0.437711
-0.383048
-0.287301
-1.361261
1.968843
1.049187
-1.635373
0.952363
0.305031
1.204645
-0.799032
0.240147
2.096745
0.618008
-0.485192
-1.016977
2.634832
0.898598
1.398024
0.469407
-0.049264
-0.482704
0.770513
0.913767
0.757481
0.851123
0.490696
-0.395645
-0.506686
0.974303
-0.590839
-0.271643
1.061895
0.164095
1.308824
-1.960983
0.512836
0.377499
-0.105152
-1.943372
-0.232619
0.231354
1.989956
0.505672
0.152843
0.970604
-0.871964
0.107295
0.783006
-1.447602
0.323949
-1.535116
-0.896561
-0.029932
-0.031356
-0.602997
0.752752
0.754887
0.448485
0.041200
-2.104308
1.202362
-0.629198
0.512868
0.242466
-1.307178
-0.644061
0.435427
-0.214841
0.541038
-1.719888
-1.053700
0.219687
1.006656
-0.146333
-0.200333
-1.229700
-0.503347
1.479044
-1.516815
1.080299
-0.539334
0.221384
-2.202143
-0.739011
0.169001
0.489523
0.737120
0.998110
0.552854
1.680003
-0.502332
0.758183
-1.307975
-1.091100
-0.196406
-0.333554
0.805518
0.387114
-0.340336
1.179569
-1.016626
1.655058
0.922928
-0.325683
-0.411112
-1.012397
0.105399
0.161598
-0.654374
-0.719508
-0.414464
-0.389431
-0.691292
-0.332446
-0.190664
0.865685
0.279762
-1.633716
0.316146
-0.584171
0.387444
0.695635
-1.430875
2.511055
0.643288
0.534268
-1.127127
-2.057088
2.241696
-0.703201
0.153774
-0.422994
1.404029
0.846978
0.639101
1.093838
0.175469
1.309118
0.753709
-0.080082
-0.292675
0.285053
-0.480496
-1.028221
0.666893
1.482449
-0.397082
-1.090186
-0.257950
0.373848
0.484024
-0.462816
0.157221
0.203727
-2.075007
-1.918880
0.150208
-0.391795
0.314882
-0.786150
0.513431
-0.945831
-0.243108
-0.227195
1.193577
1.805566
0.085920
1.053780
-0.055808
-0.006756
-1.046658
-0.691857
1.620824
-1.080696
-1.326305
-1.960799
0.940169
1.134089
-1.463465
1.148837
-0.556029
-0.625184
-0.724940
0.249203
0.106148
0.514843
0.552630
-1.918546
-0.162248
-0.741137
-0.336208
0.225343
-0.727454
-0.996595
-0.636238
-0.243171
-0.853638
-2.195028
0.230442
0.424517
0.644070
1.120127
0.827490
0.631347
-3.579646
0.243621
-1.688726
-0.528037
-0.896250
0.060187
0.074277
-0.537330
0.289743
2.140758
0.978334
-0.801985
1.582228
0.208675
0.197290
2.691551
0.067670
0.713105
-0.037389
-2.032260
-0.322507
0.776366
0.656041
-1.105813
-1.851972
1.210045
-0.654259
1.798072
-0.001383
0.642124
-1.458524
-0.966576
0.980317
1.102372
0.927368
-0.568937
-0.795464
-0.477159
0.065988
2.006773
-0.176339
0.910636
-1.559862
-0.435866
-2.373892
-0.052590
0.404368
0.596015
-1.424360
0.979019
1.630949
1.735198
-1.587233
-0.055443
0.880860
-1.380344
-0.737095
0.104453
0.430340
1.279968
0.170133
1.596174
0.228459
-0.836723
1.765816
-1.787959
0.920946
-0.192822
0.182352
-0.640502
-2.118622
-1.947206
0.053831
0.217728
-0.785782
1.575873
-0.880216
0.985870
1.085294
-0.119605
-0.647411
-0.066833
-0.459924
0.065232
-1.677794
0.977767
-1.419656
1.575403
-0.884976
-0.153226
0.244560
0.107599
-1.120588
-0.513004
-0.462867
1.065058
0.498321
0.228414
-0.702021
-0.967786
0.796118
0.890142
0.865403
-0.519665
1.245102
-0.193691
1.140779
1.049669
1.605164
0.543025
1.509981
-0.283914
-0.732659
0.804439
-0.385962
1.632767
1.089546
0.178306
0.649684
1.364042
-1.228950
-1.573056
1.230745
0.541761
0.567353
0.630426
-0.724969
0.745638
0.213703
-0.064562
-0.441045
1.512814
0.771129
-0.453777
0.811485
0.002613
-2.795069
0.262157
-2.340281
-0.971934
0.115052
0.804545
-1.497302
-1.601966
0.284892
-0.567738
-0.909165
-1.376060
0.427070
-1.003764
-0.075057
0.679141
-1.269823
1.543624
-1.299245
1.634348
-0.551920
-1.007093
0.456347
-1.352209
0.133823
0.472983
-0.793131
2.082203
-1.279449
-0.304862
1.062344
0.860992
-1.326241
0.388643
0.205824
-0.371417
0.570912
-0.264803
-0.811261
0.040290
0.542891
0.090693
-0.233700
1.333443
0.147389
1.167630
1.094147
-1.409364
-0.060696
-0.088311
-0.872950
-0.225505
0.508390
0.853160
0.679673
-1.336912
1.971189
-0.030544
0.181508
3.203056
-1.591180
-1.065760
-1.630512
-1.729666
-1.744119
1.035094
-1.115582
-1.040063
-0.194108
-0.094660
0.324857
-0.667517
-0.117919
1.268011
0.803411
0.050905
0.559132
-0.605309
-0.148181
0.522216
0.418745
-0.709612
0.339635
-0.613111
-1.037739
0.694175
-0.408030
0.528863
0.367956
0.126826
0.511378
-0.668234
-2.091366
0.667532
0.447559
-0.899932
-0.598247
-0.743632
-0.159830
-1.410540
0.468138
-0.631488
0.043671
0.492491
0.495648
1.684374
-1.965417
0.650639
0.781847
-0.929444
-1.676941
0.422438
0.738095
-0.308596
0.935408
-0.684786
0.453659
0.610983
-1.902861
2.222704
-1.822471
-0.882979
-0.077119
-2.677794
0.490724
0.233594
-0.131347
0.160933
0.901968
0.571474
0.593386
-1.086353
1.632582
-0.208302
-0.055262
0.910754
1.606195
0.705847
0.247587
-0.486596
-1.243030
2.537668
-1.820174
-0.669780
0.138200
-0.827182
-0.768123
-0.583324
-3.214404
-0.109631
-0.337907
-0.150323
0.267317
-0.254297
-0.595440
0.890497
0.285761
-2.162703
1.387874
0.720759
0.646508
0.029965
-0.779281
0.696333
-1.213993
-0.248372
-0.207975
-0.128734
2.337529
-1.457319
-0.189053
-0.801353
-0.530952
0.601884
1.477454
0.147839
0.469241
-1.108154
0.842950
0.664924
-0.925882
1.897253
1.064935
0.366055
0.143976
-0.413169
0.164372
0.050533
-1.042154
2.336773
0.742531
-0.266279
-0.827323
-1.085877
-0.399555
0.667337
-0.776311
0.735039
-1.785364
-0.483463
1.456362
-1.671376
-0.652058
-0.689172
0.836830
1.006392
2.364200
-0.154686
-0.810402
-0.048114
0.848507
-0.254072
-2.708803
1.582026
1.343368
1.550707
-1.168396
-2.088493
-0.040260
-0.111159
0.676775
-0.282630
-0.623094
-0.807534
-0.982130
-0.217315
-0.270861
1.522823
0.287719
1.730414
-1.540011
1.949452
-0.147143
-0.363509
0.180363
1.239534
-0.122535
-0.511596
0.079398
1.855071
0.281662
0.025380
-0.489185
-0.170370
0.019675
-0.869697
2.078802
0.686280
-0.228947
0.260178
-1.104586
1.528999
2.211610
-0.301529
-2.184475
-0.088110
0.120730
-0.604781
-0.547913
1.624584
1.657901
0.577468
-0.498262
-0.538136
0.942135
0.713836
0.029097
-0.026131
-0.162696
0.623012
0.217831
-0.869571
0.696052
1.085354
-0.763716
1.553081
-0.121729
0.227444
0.330054
-0.211499
-0.345756
0.134461
-1.777158
0.437044
-0.434198
-1.459739
-1.265149
1.125478
2.159186
0.038187
-0.093560
-0.885571
0.859755
-0.872733
0.239697
-1.082127
-0.417768
1.181285
-0.964606
-0.951505
1.958529
0.150021
1.235705
0.599599
-0.820212
1.398331
0.935173
0.615379
0.775522
0.406960
0.606495
0.463673
0.924485
0.025357
-0.907824
-1.557480
-0.144090
0.831307
-0.473233
0.955118
-0.168613
-0.609683
0.397569
0.065840
-0.323647
0.061256
0.152382
0.748640
0.347044
-0.896133
0.354676
-0.976050
-0.546997
-2.145145
-0.645379
-0.643664
0.168296
1.199135
0.830419
0.620617
1.686047
0.843468
-0.324238
-1.463692
-0.543124
1.475554
1.892297
0.376805
-0.925091
0.157032
1.456214
-0.451345
0.476859
-1.152715
0.310128
-0.325238
-0.704982
0.953822
0.288373
-1.758667
0.683548
0.335651
-0.585066
-2.259814
-1.362155
-1.563353
0.497797
0.293413
1.345232
0.939369
-0.712869
-0.289826
-1.042250
0.585995
-0.363620
1.321501
-0.208196
-1.956931
-0.684987
0.008319
-0.558072
-0.660804
0.038366
0.198828
-0.731278
0.086061
-0.421810
-0.525866
0.674508
0.169826
1.539553
-0.562320
1.936987
0.120562
-0.572856
0.374969
0.509242
1.440422
-1.390949
-0.607841
1.939633
-0.881070
0.491534
0.114462
-1.168866
-0.548920
-0.018544
0.456531
-1.052935
1.026715
-0.715398
-0.902428
-2.033373
-2.278057
0.984599
-1.352433
-0.154276
-0.906445
-0.419734
1.137640
0.773096
0.007469
-0.867882
-0.101973
0.097682
2.587713
1.656635
-0.680315
1.019398
2.452023
0.002681
0.987151
-1.747852
-0.247776
1.245106
-1.736692
-0.384162
1.723466
1.204680
-0.115571
-0.773997
-1.634287
0.504368
0.554606
-0.489590
-0.946757
0.464123
0.662316
0.259039
0.302670
0.236705
-0.549492
1.249568
-0.851527
-0.855256
0.775674
-0.010512
1.809756
0.183031
-1.196667
0.302407
-0.216877
0.345703
1.213268
1.448683
0.010549
1.719316
-1.139255
0.530418
-0.954039
-0.411116
0.943662
0.447437
-0.239739
-0.350115
-0.302221
0.173520
-0.783642
-0.658446
-0.349055
-0.714205
0.265792
0.620865
0.231502
0.585946
1.284045
1.081151
-0.742439
0.055564
-0.604636
-0.509034
-0.779242
0.883738
-0.913132
0.570426
2.497026
0.292104
0.351391
0.766588
-0.224482
-0.752402
0.532835
0.283863
-0.713919
0.158755
-0.265016
-1.428433
-0.385155
1.362765
1.204740
-0.147073
0.057266
-1.164468
0.231121
-0.661173
-0.881016
-1.155101
1.063073
-0.420998
-0.932191
-0.661072
0.487949
0.235165
-1.180033
-1.398939
-1.444885
1.280351
-1.465057
0.441944
0.734967
-0.016397
0.742417
-0.134704
0.461218
0.173735
0.630913
0.858881
-1.256021
0.622978
-0.820629
-0.647117
0.377970
-1.199100
0.942903
0.818289
0.922528
-1.122964
-0.954002
-0.322755
-0.573630
1.363174
-0.580511
0.580964
1.821152
-0.709188
0.045977
-0.023949
-0.311904
-1.411570
1.007080
1.289681
-1.574122
-1.396750
-1.512024
0.428110
1.048521
-0.015158
-2.662027
1.549534
0.343344
-1.584323
0.282821
0.696856
-0.616277
-0.342669
0.764943
0.362214
1.278460
2.319189
-0.881299
0.308280
-0.165135
-1.504895
-0.469501
-1.542362
2.025176
0.377761
-1.121769
-0.105092
-0.097242
-0.079713
0.317660
-0.496259
0.568230
0.553092
1.020399
0.354003
-0.845507
0.362676
-0.753645
0.109686
1.677420
-0.147855
-0.859913
0.588461
1.389202
-0.530474
-0.300657
-0.124163
1.662751
1.381547
0.488303
1.461439
-0.762969
0.462772
0.485699
1.753536
0.536698
-1.903452
-1.231272
1.761671
0.568714
0.703620
-0.270083
-0.342482
-0.178999
0.162266
-1.260015
0.188201
-0.966097
0.467993
-1.826580
-0.337546
0.179325
-0.959196
0.492753
0.442615
0.843307
-0.129665
-0.127112
0.891204
0.994320
0.808650
0.386526
-0.416895
1.692495
-0.171623
0.881320
1.224699
-1.078153
-0.287998
1.026780
-0.666443
0.855624
-1.673285
1.214731
0.307932
0.795352
-0.091044
-0.087117
0.203754
0.666085
0.365039
-0.779816
0.124124
-1.281769
0.795504
0.357808
-0.814271
-0.949799
1.016295
-1.442101
-0.940736
-0.913623
1.623491
-0.343779
-0.181474
0.562613
-0.061041
-0.566633
-0.437141
1.077273
0.763295
-0.814259
0.296694
-0.015907
-0.382757
0.812685
-0.159880
0.460085
0.621522
-0.535883
0.956867
-1.513311
0.245252
-0.216620
0.967726
1.163439
0.529529
1.198424
-1.254042
0.629491
-1.066647
-0.224895
-1.818881
0.353488
-0.929091
-0.704249
0.995625
-0.125935
-0.529277
0.000813
-0.909757
0.504235
1.385199
-0.907323
0.887829
-0.812350
0.948868
-0.687903
-0.165371
-1.636523
-0.379318
-1.182656
-1.721187
0.377677
0.209625
1.752305
-0.249119
0.775299
0.941892
-1.045307
-2.365558
-0.142362
0.572380
-0.882934
-0.092424
0.477485
0.584202
0.245855
-0.279948
0.335798
0.870598
0.451207
0.029540
0.684922
1.768880
-0.221531
0.059520
2.070581
-0.673219
-0.060069
0.388552
-1.420875
-0.456484
-0.414749
-1.001675
1.303025
-0.661876
-0.043683
-0.770540
1.507820
-1.758393
0.834376
-1.388731
-0.441877
-1.082084
-1.843601
-0.599089
0.385537
-2.167477
-0.399093
1.590736
1.645385
-0.045401
0.305650
0.275180
0.467218
-0.318226
0.348773
-1.693988
-0.677732
-0.280783
1.620446
-0.386222
-1.013433
0.211367
-0.165514
0.231748
-0.435252
1.750623
1.728342
-1.482083
0.549399
-1.359976
-1.263757
-1.355462
0.423115
-0.393495
0.789076
-1.529239
-0.612129
0.031359
0.155184
0.771506
0.260153
0.836286
-0.764894
1.633257
-0.198746
1.493450
-1.879074
0.562999
-0.945008
2.021414
-0.373240
0.527999
0.621445
0.040338
0.345090
0.470526
-2.168363
0.981822
-2.118596
-0.431597
0.393107
-0.697031
0.215375
0.061871
-0.646027
0.279270
-0.060383
0.002662
0.221444
0.154358
0.028394
-0.042394
-0.312915
2.358963
0.099697
0.240153
-1.269451
0.674171
-1.927975
-2.690910
-0.558576
-2.009783
-0.592801
-0.124953
1.717068
-0.097285
1.735551
-0.781042
0.280025
0.217240
0.610873
-0.739782
1.103686
-0.885114
-0.212571
2.120735
0.063322
1.563046
0.559200
0.898744
0.286916
1.725847
-0.179055
-0.017849
-1.054417
-0.047586
-1.544646
1.180569
-0.834530
1.118817
1.719578
-0.335562
0.795311
-1.442588
-1.454834
-3.001594
-0.957072
1.233970
0.178046
1.113335
-0.051079
1.044197
0.674936
0.942956
-0.912652
0.350805
-0.584233
1.542633
2.368556
1.291986
0.025689
-0.142970
-0.941338
-0.059558
0.297327
-1.916406
-1.006998
-0.609054
0.967803
-1.484763
-0.409304
0.908382
0.097295
-0.845907
-1.174329
1.380244
-1.276107
0.320099
0.545000
-0.431491
0.838466
-0.482261
-1.116813
-1.424714
0.305480
-0.378886
0.686020
0.436071
1.605841
-0.570424
0.761334
0.931070
-0.391345
-1.294954
1.435403
-0.100067
0.973504
0.946446
-2.624044
0.926149
-0.567908
-0.295144
0.882969
-1.830497
0.963511
1.484778
-0.805342
0.097606
0.604143
-1.403022
-0.260344
0.682768
-0.606971
-0.622211
0.659848
-0.534148
1.182413
1.508016
0.365106
0.799895
0.011004
0.528037
-0.041482
-0.369190
1.373549
-0.195888
-0.212370
0.191157
-0.825354
0.378867
1.959443
0.176170
-0.467196
-1.166820
1.106013
-2.249266
-0.280909
1.637574
0.068876
-1.479278
1.068685
-1.208178
0.341460
1.206216
0.369455
0.512141
0.961693
-0.710709
-0.275437
-0.973575
-0.518848
0.517142
-1.633710
-1.449889
-0.914229
0.616809
-0.706188
0.235249
-0.786444
0.522900
-0.090229
-2.035196
2.355106
1.975911
0.572271
0.394549
-0.847195
-0.529861
0.224684
0.528434
-1.413665
-0.462897
0.067939
-0.903194
0.130197
-2.475517
1.898052
0.184350
0.292237
-0.093295
0.686384
-0.472553
-1.116698
0.315871
1.459028
0.085739
-0.196595
-0.893201
0.216383
0.083744
0.166862
-1.172277
0.421036
0.445781
1.356509
0.276302
-0.777686
0.612548
1.004564
2.198547
-0.642528
-1.641886
-1.018148
0.310841
1.437758
1.100989
-0.918839
0.581500
-0.680295
-1.467444
-0.027198
0.310926
0.524473
-0.493798
-1.164370
-0.913883
-0.774258
-0.675594
-0.424663
1.027737
1.665796
-0.421359
-1.799635
1.072853
-0.061089
0.501172
1.037716
0.675486
-1.687775
-1.056478
1.476574
-0.082753
-0.886898
0.868349
1.025847
0.714914
0.003255
1.513330
0.027718
1.088131
-0.952320
-0.076141
0.541356
0.402212
0.476842
2.116895
1.381840
-0.158754
-1.712257
0.656769
3.064424
-1.763304
1.454610
0.095604
-0.261759
1.158436
0.955527
-0.991259
1.381173
0.252199
1.085170
-0.204761
0.927396
0.163268
1.904975
0.029040
-0.324832
-0.792848
0.935164
-1.144634
0.051398
-1.294220
-0.342659
-0.965879
0.100820
0.660709
1.586221
2.282432
-2.401400
-0.609780
1.450761
-0.408432
-0.130493
0.607688
-0.129296
-0.956285
-0.647123
1.354783
-0.389729
0.033971
0.516094
2.533167
-0.463178
-0.561852
0.630746
-3.084856
2.950271
0.340315
-0.251142
-0.498768
0.769727
1.116213
-0.721027
0.508717
-0.364424
-0.784442
2.091672
-0.432419
1.403745
0.624103
1.061027
-0.631505
-0.711865
-0.036173
-1.201818
0.863147
-0.654086
0.481696
1.298971
-0.355853
0.628448
-0.242548
1.026634
-0.687591
-0.946356
0.656488
0.750637
0.805018
0.080470
1.138130
0.113045
-0.906171
-1.007668
0.755864
-1.283518
1.932156
1.710749
-0.029200
-0.475801
0.593335
-0.760089
-0.207328
1.086789
-0.949209
0.495038
0.136994
-0.979239
-0.349630
-1.188633
0.321940
1.133826
-1.126718
-0.455864
-1.903189
0.098449
0.528179
1.698464
-0.700105
0.497865
0.876616
2.265341
1.403002
0.953486
-0.237329
1.482653
-1.407788
0.015409
0.632035
0.345733
-2.271654
-0.628025
-1.177166
3.181049
0.788939
-1.006248
-0.504920
-0.132719
1.302524
1.756766
-1.188169
-0.006885
-0.778006
1.247351
-0.908314
0.498405
0.558346
-2.171631
1.694776
2.327603
-0.879534
2.008624
-0.396831
-0.667608
-0.483081
-1.792813
1.200424
0.844448
1.424049
2.032399
0.233701
-2.054432
-2.017595
2.061677
1.883483
-0.209887
0.571208
-0.479625
-0.592915
0.825808
0.147405
-0.791971
0.016444
-0.748763
0.635868
-0.523437
0.318205
-0.171723
0.434544
-0.075374
0.687917
0.185612
0.419486
-0.709298
-0.561080
-0.705728
0.277036
0.786692
0.885513
0.126952
-0.291875
0.505141
0.843685
-0.046771
-0.126095
-0.840178
-0.686255
0.140310
-0.150948
0.771773
1.368776
0.133782
2.025936
0.129392
0.331810
-1.360886
1.809132
0.553854
-0.485441
0.156844
0.854412
0.152568
-0.430501
-0.512189
-0.746963
1.084868
0.581382
-0.871275
1.828609
-0.289953
-0.618853
1.633854
-1.522066
0.529483
-0.397040
0.080614
0.035970
-0.322382
-1.030644
0.030819
0.448284
-1.118069
-0.382218
-0.180654
0.439768
-0.122666
-1.581980
1.110961
0.335750
1.793028
0.084210
0.076912
1.044730
1.703576
-0.459383
0.366332
-0.258528
-1.249124
-1.269764
-0.173915
-0.523833
0.748184
-0.489488
0.793415
-0.591700
-0.543973
0.419951
-1.075835
-0.963057
2.578501
-0.260488
-0.035601
-2.300474
-0.016681
0.124485
-0.636911
-0.875363
1.572075
1.317318
0.896106
0.997237
0.184756
0.270189
0.333025
-1.800844
-1.578499
-1.135232
0.786321
0.321207
0.228795
0.158426
-0.528135
1.291118
1.290623
-1.368777
-0.174059
0.014726
0.991796
-0.643030
0.136142
0.448496
-0.608746
-1.746458
0.011031
-1.448384
0.729169
0.464291
-0.014841
0.878268
-0.508283
0.534584
1.413119
-1.477104
1.364263
-0.208876
-1.700708
-1.012498
-0.606651
-1.524200
0.916062
1.013331
0.950815
0.200066
0.844561
-0.866391
-0.615166
0.151662
-0.346742
0.227650
0.660642
-0.000308
0.957171
0.655645
-0.323763
0.186828
0.991863
0.504020
-0.589578
1.612585
0.190017
-0.341185
-0.104527
0.097891
0.266620
0.311742
0.917167
0.682068
1.573682
-0.304368
1.834299
-1.328828
0.058323
-0.622721
1.389559
0.642201
-1.327249
-1.010283
-1.464141
1.496565
0.690633
0.708574
-0.056141
-1.791892
-0.666335
0.119689
1.925858
0.557499
-1.057132
-0.897308
-1.785651
-0.399681
-0.600445
0.239381
0.692391
-0.061265
-0.655989
0.114976
0.729386
-0.973567
-1.008763
1.633714
-0.713059
-1.614535
-1.295623
0.549180
-0.952601
-0.190501
1.307862
-0.566126
-0.142192
-0.803889
-1.201199
-0.659099
0.386176
-1.453237
-0.554290
-0.460080
0.485822
-0.693327
-1.203702
0.293306
-0.066060
0.778545
2.454010
0.731916
-1.113395
-0.730803
0.232978
-0.902260
-0.798289
-2.327058
-0.203051
0.590110
-0.767465
1.974300
0.027451
-0.763920
-0.136046
0.405194
-0.279925
-0.958924
2.056061
0.491900
-0.594136
-0.261658
0.010278
1.756588
0.935377
-1.205915
-0.133795
1.178539
-0.152307
0.209541
0.608027
-1.218927
1.607244
-1.059883
1.599099
-0.418549
1.494101
-0.808297
0.228842
0.524454
0.072670
-1.743568
0.571441
0.172902
1.511569
1.597398
-0.410948
1.648099
0.042326
-0.372745
0.053633
0.590858
-0.483203
1.468057
-0.389085
2.998208
-2.479519
-0.707111
-0.626078
0.046104
-0.749307
0.641000
1.842007
0.137183
-1.862294
0.735382
-0.664765
2.207514
-0.188048
-0.145042
-0.362365
-0.120898
-1.603348
-1.785942
0.532764
0.410697
0.501421
1.764385
2.171306
1.926069
-0.557516
1.364213
0.525387
1.732678
0.188357
1.029430
-0.569153
-1.170211
-0.031110
0.353221
-0.773027
-1.468037
1.781923
0.037923
-0.763483
1.068289
-0.840992
0.588555
-0.893196
0.384679
0.785309
-0.793037
-0.220058
-1.046772
0.680665
-0.835496
1.467554
-0.247913
1.186670
1.220672
-0.655462
-1.364688
-2.212198
1.518258
0.553043
-0.203188
1.700218
0.632699
0.510156
0.089119
0.374840
-0.751467
0.614321
0.152130
-1.584284
0.170637
0.231064
-0.976557
0.307402
-0.175179
-0.927084
-1.250595
0.223382
1.844935
1.133602
0.508794
0.359149
0.472644
1.562031
-1.472347
-0.238398
0.023475
-0.098688
-1.893777
-1.699212
0.390652
0.395584
-0.283953
0.826250
0.515924
1.313566
0.251003
-1.193905
0.838978
0.360117
0.824406
-1.794535
-0.596050
-1.578446
-1.300079
-0.262742
0.514054
1.533269
-0.106620
-1.011094
-0.605824
-0.728809
1.555165
0.432796
0.236922
0.582129
-0.189068
-0.198781
-1.250091
-0.615048
-1.827042
0.383690
0.441245
0.047143
-1.139004
-1.096220
-0.437083
-1.078006
0.241637
-0.180373
-1.820134
-0.398288
-0.805603
2.098884
0.345126
-0.027855
-1.145381
0.599076
0.105149
-1.878190
0.952006
-1.012109
0.162396
0.002721
-0.352208
-1.164886
0.137969
0.566542
1.477372
0.534405
1.374830
-1.430690
1.187585
0.559184
1.069559
0.578688
0.087191
-0.205208
-1.554675
-0.330348
0.218298
1.321405
-1.368528
-1.641740
2.256061
0.584516
0.453627
-0.760631
-1.244688
0.199820
0.301159
1.510252
-0.454793
-0.704966
0.651612
-0.787077
1.061963
-0.474633
0.147918
-1.830153
0.800253
0.956568
-0.520274
-0.388264
-0.647966
1.211686
-0.386539
-0.098432
1.269386
-0.069463
2.518244
-0.960498
-1.205326
0.106309
-0.744921
0.200532
1.274581
0.452600
-0.072672
0.182713
1.094899
-1.933580
0.159550
0.803483
-1.979805
0.279640
-0.343705
-0.463197
-1.513348
0.593662
0.381441
-0.623971
1.217081
-0.059095
-0.281543
-0.983271
-0.229364
0.250972
0.218736
-0.319738
0.773688
-0.383550
-0.198577
-0.339450
0.784197
-0.248223
-1.404639
-1.246763
0.107031
0.998217
-1.496101
-0.015249
2.240917
0.070467
0.309679
0.720220
-0.268031
0.382497
-0.457047
-0.122803
-1.077287
0.004997
-0.053448
0.663776
1.365931
-1.557676
-1.007517
0.319976
1.202950
-0.362498
-0.816440
1.103186
-0.461532
-0.665197
0.577518
-0.287895
-0.947773
-1.121137
1.846101
0.891504
0.104186
1.377778
1.228712
1.365277
-0.312626
0.036051
0.633904
0.628320
0.747618
-1.160998
1.800810
0.500881
-0.341828
1.043792
1.091218
-0.094885
0.162517
-1.169819
0.772020
0.468745
0.948141
-0.371657
-0.466043
-3.192661
-0.295054
0.215890
-0.054892
-2.212470
-1.429263
-1.983073
1.084835
-0.374404
-0.624308
-0.320463
-0.788973
1.330589
1.237032
-0.644416
-0.097448
0.830110
-0.435222
1.599674
-0.253989
0.911822
0.283067
-0.377214
-0.252861
1.869051
-0.099403
-0.630920
-0.193256
-0.786519
0.415683
-2.220166
-1.462678
0.181940
-1.850125
-0.136639
0.090445
-0.469878
0.064590
-0.648927
0.102006
1.131179
-0.415704
-2.057041
-0.119242
0.445074
-1.367260
-0.185053
0.431222
0.973118
0.149964
1.382101
-0.312719
-1.726642
-1.234451
0.430029
0.883344
0.199547
2.629406
-0.041413
0.518118
-0.303831
-0.275304
1.443707
1.103652
-0.170497
1.530495
0.859276
0.431670
-1.691727
-1.152726
0.275793
2.296106
1.738364
-0.598988
-0.005384
0.866375
1.184249
-0.603492
0.428869
-1.542470
-1.290357
-1.604764
0.307192
-0.313047
-1.640946
-0.573798
0.214276
0.638166
0.708509
-1.435298
0.689625
1.844821
-0.078473
-0.964776
0.608369
-0.998535
0.911766
1.607296
0.267340
-0.256412
1.550860
0.316230
-0.361929
-1.496536
-0.013993
-0.098132
1.118882
-0.160144
0.577805
0.199082
-1.116135
0.468599
0.409337
-0.826529
-1.864385
1.304271
0.591361
-0.414563
-1.525605
-0.791235
-0.757994
-0.063467
0.044633
-0.099845
2.170552
-0.348393
1.286622
0.709956
-1.076458
-0.293809
-1.279784
-0.044161
-0.236199
1.071193
1.814954
-0.859641
0.761923
-1.017168
1.119609
0.313815
-0.477316
0.099479
1.954641
-0.334527
-1.139436
2.449113
-0.216335
0.424102
0.742685
0.725691
-0.864421
-1.393675
-0.979715
0.627375
-0.732612
-0.249716
0.646985
-1.404726
-0.870787
1.277343
-0.231347
1.923391
2.136923
-0.392573
1.210168
0.896812
0.279034
1.335767
-1.031644
0.142517
0.132235
-0.335656
1.217369
0.389722
-0.890954
1.401603
1.811512
-0.523130
-1.840523
-2.005375
-0.402139
-1.217089
0.369080
1.245602
0.895415
2.096726
-0.799135
-1.121038
-0.548224
-0.986258
0.905929
-1.586117
0.325635
-0.983137
-0.778268
0.647479
-0.025960
0.081226
-1.120055
-0.581521
-0.063876
-1.998619
-0.199376
-0.083260
0.932608
0.617192
0.365637
-0.216493
0.128115
-1.103471
0.726201
-1.138948
-0.008912
-1.301928
0.071241
-0.083897
-1.423551
-0.397527
-1.564484
0.461780
0.613543
-0.250984
0.307382
1.539944
-1.189036
-1.794260
0.683209
-0.212329
-0.212982
-2.015363
-0.466510
2.963065
0.376394
1.607250
-2.402556
0.121015
2.173788
1.632803
-0.622893
2.594164
-1.985053
2.418952
0.165495
0.453527
-0.801796
0.191765
1.223397
0.319757
0.198366
-0.689335
-0.978151
1.545105
-0.094153
1.313411
-0.059656
-0.556320
-1.010545
-0.435659
-0.052560
-0.062708
-1.333307
0.574981
0.801025
0.496121
-2.044665
-0.246705
-0.965119
-1.853019
1.230143
-0.526817
0.636239
0.348807
0.837376
-1.081213
-0.284316
1.033315
-0.638044
-0.217906
-1.219744
0.440754
-1.150603
1.056942
-0.919537
-0.426970
0.805745
0.793270
0.295547
0.354996
0.000207
0.573662
0.036100
1.827441
0.132767
-0.334375
0.132505
0.364587
0.986429
-0.285364
-0.228436
-0.794158
1.149157
-0.044582
-1.293307
-0.859676
-0.394945
-0.526832
0.051077
-0.014529
0.928263
0.710238
-0.177862
1.776490
1.531981
-0.365297
0.737536
1.379085
-0.496152
0.036997
-0.608202
-0.451248
-0.018650
1.695602
0.657886
-0.028444
-0.533976
0.948996
-0.252181
-0.639627
-1.487672
-0.474180
0.313215
-0.503282
0.822114
0.470770
-1.695446
0.011163
-0.979682
0.964959
0.198389
-0.199694
0.290359
1.600269
-0.462699
-0.578598
0.249711
0.136794
0.149209
0.043678
-1.300276
-0.439137
-0.430262
0.765616
0.554275
-0.287157
0.728180
0.274650
-1.223448
0.158783
0.079344
4.262617
-0.294996
0.641106
-0.554700
-0.325564
0.359319
0.689706
0.481172
0.708734
-0.712649
0.899509
1.180517
-1.398901
1.880709
0.745900
2.510484
1.318439
-1.496068
-0.011161
0.688755
0.078283
-0.034501
0.854637
0.104400
-0.542151
-0.473564
-1.229869
0.981006
0.195497
2.691951
-0.808394
-1.965420
1.123333
-0.996619
-2.505116
0.519308
-0.063035
-0.039030
-1.159109
0.341584
-0.077774
1.676193
0.541570
0.727995
-0.032866
0.367035
0.841232
0.063503
-1.288584
0.749265
-0.866389
-0.327636
-2.779687
-0.012496
0.899516
-0.324199
-0.405453
-0.152077
-0.368950
-1.207653
-0.393653
-0.851846
0.018531
1.164859
0.545025
-1.799065
0.898823
2.324585
-0.949595
0.457924
-0.537109
0.124053
1.568581
0.964030
-0.162010
-0.772902
1.191098
0.836089
0.956208
0.277630
0.342464
-0.462421
-0.148473
0.577249
0.042675
-0.025601
-0.833362
-1.016957
0.543814
-0.508687
1.725992
0.382319
-0.760767
0.364735
1.974581
0.099831
-0.804032
-0.634580
-0.335416
-0.403774
-0.298956
1.681645
0.315129
0.582952
-0.558520
-0.143334
1.047768
-0.684479
2.251169
1.467010
-0.672436
1.145551
2.329473
1.293852
-0.510290
-0.836108
-0.139950
-1.383030
-0.767939
-0.334595
-1.601873
-0.277578
0.930107
-0.235372
-1.171351
1.262415
1.194287
-0.153678
0.352518
1.685595
-0.400353
1.997721
-0.695322
-1.642982
1.239124
0.957133
-0.691405
1.230744
1.465937
-1.110473
-0.150734
1.381922
0.026735
0.363745
-1.371857
-0.223449
0.369277
-0.156136
1.403946
-0.859357
-1.996738
1.040549
0.090010
-1.254395
0.327294
-0.655803
0.662256
-1.312944
0.126610
-0.026600
-1.158799
-0.087767
-0.860506
0.233494
-2.128418
1.197375
-0.478021
-0.243218
-0.227033
0.788702
0.399284
2.065987
1.904988
-1.689832
-1.969357
-0.490412
-0.505812
1.003512
0.694467
-0.472599
0.709345
0.712946
0.420254
-0.205880
-0.611876
-0.498953
-1.361614
-1.026352
1.166556
0.115859
0.728812
0.700126
-0.022409
0.694714
-0.138542
0.353057
-0.559095
-1.555111
1.275167
0.442730
1.290035
-1.930511
0.598271
-0.602170
-0.487063
0.215286
-0.957172
0.277792
-0.944923
-0.217349
0.990904
0.081337
0.245245
-1.009004
-0.821124
0.263551
-0.012717
0.585917
-0.355442
0.477265
-0.502681
3.186512
-0.722716
0.616717
-0.394456
0.275667
0.416094
-0.511644
-0.224731
-0.603118
0.181111
0.398237
0.847492
1.407473
0.003501
0.101136
-0.400190
-0.463901
-0.373952
2.428063
0.306972
-1.624409
1.675712
-0.948385
0.037490
0.529507
-2.592380
1.503730
-1.325513
-0.139663
-0.031545
-0.951956
1.543058
-0.414948
-0.595695
-1.194772
1.088331
-0.146936
-1.431001
-0.261560
0.972150
1.860055
0.951251
-0.310790
-0.689570
-0.221176
-0.538718
-0.643708
-0.085053
-0.188330
0.194709
0.664873
-1.743208
-0.569846
0.748753
-0.537980
2.686100
-0.703570
0.555466
1.002868
-0.939019
0.960499
1.757918
0.143366
-1.657071
0.769068
0.998165
-0.632168
-0.278598
0.267882
0.155969
-0.025406
-1.014790
1.968705
-0.227003
-0.994974
-0.260368
0.669229
0.158808
-0.366276
-0.299446
-0.131104
-0.793467
0.904967
-0.146074
0.355283
0.038298
-0.606355
-0.749208
1.115317
1.562104
0.835029
0.592767
-0.492316
0.274421
1.061354
1.059163
-0.603965
-0.074720
-0.494622
1.186918
-0.242347
-0.432029
1.123938
1.651763
-0.429092
-0.172064
-0.411451
-0.883334
-1.051440
1.053844
-0.228898
-0.373556
-0.517082
0.262307
1.321345
0.272992
0.591690
0.946134
-0.941613
0.899385
-0.706988
0.419565
-1.055661
-0.444786
-0.496865
-0.021134
0.978640
-0.823953
-1.057575
0.150855
-0.598702
-0.890535
0.042311
1.203146
1.240308
-0.565711
0.634035
-0.057283
-1.868489
-0.984395
0.317652
1.409373
1.723960
-0.038245
0.521558
-0.029326
1.067152
-1.031231
-0.199673
-1.320766
-0.825089
-0.693099
0.271257
-0.727596
0.629719
-0.655801
-1.461103
-1.972291
1.211263
-1.049427
-1.254723
-0.678416
-0.372474
0.589877
0.433427
-0.656488
2.051838
-0.745049
0.206061
0.954776
-1.101179
2.445821
-0.347727
1.275159
-0.725176
1.335850
-0.188182
-0.339067
0.035336
2.243660
0.506038
-0.146585
0.098945
-1.418898
0.708504
-0.712882
-0.068458
-1.104895
2.377236
0.370747
0.392235
1.067673
1.308778
1.138664
-0.290451
-0.226521
-1.170762
0.913537
-0.600894
0.165469
-0.820773
0.626435
0.924912
1.310646
-1.850892
-0.568847
-0.457721
-1.330525
-1.829132
0.059942
-0.658232
-0.787166
2.489577
0.920398
1.284913
-1.984572
0.269147
0.967604
-0.851963
-0.052424
-1.685278
-1.036659
-0.782119
0.396354
1.337179
0.099318
0.088565
-1.178400
-0.638287
-1.083053
-0.575714
-1.527760
-0.547426
-0.206141
-0.423281
-0.475630
-0.838291
0.754722
-0.268412
-0.172828
0.331396
-0.426816
0.976094
2.450037
1.593367
-1.689082
-0.146411
0.749211
-1.188614
-0.165996
-0.229664
1.326593
1.428446
1.556363
0.532927
-0.061181
-0.448470
-0.657696
1.267870
1.331856
0.412417
1.243572
-0.788813
0.696589
0.029374
-0.477748
0.137972
1.112194
0.558714
0.035343
-0.071973
-0.494136
0.496025
-0.629647
1.372427
0.541810
-0.203688
-0.706184
-0.212617
0.079840
0.797445
-0.665688
0.820654
0.328882
-1.031125
0.720705
-0.178644
-0.016162
-0.183428
-1.284369
0.874736
1.226600
-0.368246
0.620974
0.966679
-0.213445
0.777680
-0.445868
0.052679
0.591881
1.181475
0.070428
1.435703
0.407664
0.493107
-0.688857
0.019319
-2.549737
-0.820465
-0.290552
0.697721
1.673400
1.413377
2.364347
-1.136078
-0.675628
0.750209
-0.118317
0.844279
0.202206
-1.403810
-3.062663
-0.595442
0.703789
0.318335
-0.764058
-0.598461
-0.701717
-1.410718
0.410855
-0.086963
-0.796010
-0.570240
-0.308282
1.100482
-1.041510
0.850918
-2.404861
1.676910
0.046330
-0.031976
-1.814559
-0.784639
1.947560
0.627903
0.655368
1.037630
-0.925439
-0.771865
0.212940
-1.510161
-0.681476
-0.608117
1.126297
-0.342619
-0.272360
-0.910669
0.460758
0.375274
0.729069
0.552753
1.213784
0.897060
-0.294397
0.719739
-0.827048
0.304072
0.137541
-0.183049
1.599998
0.435602
0.124418
-1.464873
-0.089940
0.831671
-1.265106
1.501085
0.653828
-0.316162
0.268418
0.800553
1.021115
0.072674
0.151768
-0.241963
-0.102806
-0.553397
-1.315934
0.695214
0.115679
0.692916
-1.192271
-0.140339
0.514577
-0.872541
0.278412
-0.434848
0.175766
-0.791384
-0.727254
0.393067
-0.082300
0.147557
0.359719
-1.970158
0.009846
1.108077
0.776470
0.139205
1.575452
0.423090
-3.123233
-1.103706
-0.845363
-0.521913
-1.219526
-0.830741
-0.381801
1.399994
0.934334
0.866306
-0.457113
-0.394118
0.525716
0.677488
-0.737121
0.623542
-1.171133
-0.001546
0.925307
-0.025488
1.100676
0.849819
-0.475513
-0.303003
-1.886262
-0.687344
0.173652
1.037812
-0.764285
0.225847
-0.584516
-1.648744
-1.209168
0.310156
-0.050516
-1.205034
-1.221404
0.398622
-0.031985
-0.055188
-0.544600
-0.920076
-0.214394
-1.293707
-0.364396
0.757319
0.047492
-0.155769
-1.329617
-0.845983
-0.053509
0.564863
-0.098786
1.281861
0.263329
0.366867
0.275744
1.458598
1.481389
-0.244586
-0.280925
-1.844810
-0.333813
0.157398
-1.641948
-0.401436
-1.701541
-0.151890
-0.415169
-0.718389
1.176213
0.105362
-0.624061
-1.202746
-2.259115
1.426244
0.353515
0.343105
-0.028956
0.428887
-1.216813
1.319313
1.009415
0.118656
0.700211
0.200038
-1.162532
0.437342
1.311208
0.850791
0.584700
-0.313024
1.364415
0.246531
0.246975
0.593585
0.158269
1.992664
-0.196307
-0.274289
-0.805725
-0.046102
-0.748331
0.604500
-0.560901
-0.197632
1.242460
0.903190
0.711378
1.539470
-0.207763
0.996705
0.352557
1.537356
1.152255
-0.445311
0.637382
0.092049
-0.605404
-0.850675
0.795926
0.424829
-0.238469
0.137918
-1.275270
1.493605
0.384833
0.481968
0.339742
-0.005432
-0.866371
0.194318
-0.114091
2.143494
0.798962
0.239998
0.256881
-1.062636
0.681849
0.310344
-1.275584
0.461252
-0.670010
-1.323594
-0.681148
-0.926879
1.447105
0.230919
-0.736956
2.927327
1.102793
-1.278425
0.182570
-0.364140
1.074038
0.258746
1.633244
-0.719320
-0.504925
-0.947890
-0.700979
-0.884920
1.092354
0.411421
1.631222
0.611771
0.072428
-1.279555
-0.192682
-0.380588
-0.419905
0.539027
-1.328340
0.689171
-0.565988
-1.903149
0.798072
-0.459670
1.311583
0.260833
-0.528202
0.073034
1.066374
0.059917
-0.730558
-1.746090
-0.216554
0.586574
-1.236276
0.550566
0.166819
0.202663
-2.550271
-1.297103
1.022819
-0.611662
0.696620
1.704066
-1.344694
-0.094368
1.922937
0.374650
0.079881
-0.150405
-0.008747
0.670100
-0.735066
-0.414131
1.989370
-0.767095
-0.564548
0.918224
-0.132976
0.312490
-0.503493
-0.218185
0.699070
0.227753
-0.635644
1.102351
0.176202
0.980363
0.241902
0.171083
1.381361
-0.206857
0.826396
0.654998
1.540823
-0.115379
0.346675
-0.784304
0.696087
-0.254130
-0.590805
3.495154
-0.213443
0.332023
-0.325237
0.219513
1.035092
1.271605
0.913257
0.523657
-1.168046
0.000395
-0.891803
0.607910
0.535655
-0.223778
0.755186
-1.058144
0.315160
-0.065544
-1.727864
-1.580228
-1.647321
0.189669
-0.697008
0.756281
-0.192409
-1.221625
1.153927
1.603294
0.036659
-0.800982
-1.905296
0.026643
1.483883
0.661634
2.122456
0.008726
-0.572850
0.437006
0.708321
-1.002626
-0.021010
-1.059667
0.525539
0.322424
0.444339
-0.816760
-0.062199
-0.589694
-0.127843
0.094175
0.730006
0.714778
0.568500
-0.492719
0.206000
-0.691617
0.410078
0.792277
-0.439759
-0.440680
1.350518
0.812944
-1.209646
0.438284
-1.096383
0.902162
1.532142
-2.077801
-0.496450
0.152569
-0.221739
0.323205
-1.455536
1.250586
2.356175
1.502563
0.016286
-0.893617
0.358752
-0.730249
-0.557304
-0.101749
1.173689
1.213000
-1.375052
-0.780105
-0.655622
-0.583394
0.477172
-0.301005
0.701349
0.047784
-1.213583
1.774633
1.392871
0.994179
0.756801
1.784857
-1.533000
0.162576
0.892802
-0.255010
-0.012455
-0.494800
-0.105452
0.460827
-0.839879
-0.659587
0.952207
-0.191918
-0.099424
-0.458100
0.983786
-0.412093
-1.288762
-0.096956
-0.746460
-0.522943
-1.143665
-0.329606
0.740852
-1.364558
-0.131596
-0.574576
-0.249384
1.203816
1.493197
0.510843
1.335200
0.297811
-0.116329
0.890648
0.702529
0.482314
-1.274823
-1.172117
-0.878637
-2.195194
0.619929
-0.515817
1.022081
-1.531204
0.179437
0.023122
-0.374816
-0.167871
-1.210516
0.393125
0.527797
-1.023346
0.366159
1.068409
-0.948374
-0.896501
-1.012225
0.799451
1.012779
-0.573039
-1.137765
-2.020904
0.166172
-0.420681
3.045797
-0.692144
-0.688054
1.008354
-0.636327
-0.395992
0.711861
0.151533
-0.893747
0.704825
-1.304373
0.427533
0.703500
-0.903820
-0.106100
0.089073
1.768258
0.498551
-1.639544
-0.868192
0.996110
0.254341
2.664015
-0.146033
-0.267664
-0.218035
0.756134
1.372809
0.759429
0.661536
-0.565902
-0.510980
0.079483
0.435111
1.962338
0.318035
-0.462956
0.213457
0.495955
0.051844
0.142496
0.133830
1.142062
-0.122856
-0.091592
-0.075314
-0.593448
-0.390013
0.224266
-0.373043
-1.896475
0.431172
0.929494
-0.585212
0.911029
0.060637
1.523045
-0.480147
0.435493
0.470724
0.081629
0.772624
-1.044197
0.086476
1.235490
-0.676093
0.266672
-0.134153
0.011677
0.003014
-0.003800
1.420872
-0.276005
2.070258
1.884903
1.235344
-1.555928
-0.387154
0.405625
-0.434961
0.745330
-0.783737
1.617624
-0.655483
1.193018
-0.067590
-0.425324
0.657336
-0.023452
0.403804
1.409167
-0.504399
0.375282
1.110104
1.551666
-2.606025
-1.219607
0.548809
1.382435
1.164931
-0.237362
0.904142
-0.704106
-0.254223
1.415860
-0.188055
-1.244937
-1.849152
-0.110543
-0.271966
0.360732
-0.627495
-0.186043
1.545980
0.643827
1.190727
-1.062897
-0.355253
1.697627
-1.368061
0.537849
-0.657781
0.812543
-1.216891
0.365571
0.601613
-2.212700
0.068374
1.485198
0.366407
-0.797225
1.199622
1.219738
0.193212
0.194236
1.210169
-0.540483
-0.956428
0.012812
0.896549
1.027702
0.071434
-1.486440
-0.603610
-0.096519
0.448429
-0.495917
0.146669
1.472195
-0.802941
-0.362676
0.249358
1.249295
1.183954
0.144271
0.585573
0.127265
-1.786136
-0.383441
-0.571665
0.384373
0.676184
-0.293977
-0.940357
0.992763
-0.417373
-0.738529
0.673248
1.221836
-0.668542
-1.673517
-1.803437
-0.172956
2.053730
1.722445
1.571535
0.472642
1.769455
-0.387416
0.706259
0.314736
0.556022
0.069539
-0.660786
1.024074
0.434535
-0.096092
-0.793430
-0.888613
-1.403452
0.777955
-0.638128
1.719144
1.291034
0.022147
1.638949
0.758022
-0.237252
-0.179634
-0.525770
1.177146
-0.304141
-1.661632
0.301001
-0.561849
0.513324
-2.568116
-0.221298
1.293093
-0.761980
0.053060
-1.659340
-0.872151
0.582784
-0.991252
-0.636625
-0.066954
-0.661917
-1.027183
-0.402868
1.027146
-0.534787
-0.543136
1.565888
-0.873780
-0.307641
-0.617669
1.497468
-0.775073
-0.604381
0.208300
0.263657
-0.377172
0.843862
1.010098
1.860386
0.621305
1.015287
0.554363
-0.002510
0.556101
0.265019
1.351823
1.149908
-0.606686
-0.073555
-2.356080
0.193608
0.585961
0.221175
0.519530
-0.126706
-1.017174
0.157082
0.226817
-0.725252
2.376529
0.139061
0.755261
0.215236
-0.266129
-0.831326
0.222202
0.663565
-1.425767
0.876193
-1.480574
-0.446646
0.907838
0.802230
-1.156854
0.563736
0.562120
-1.295018
0.009530
0.504795
0.912565
2.094760
0.191960
-0.162570
0.373526
-0.182489
1.175824
0.370933
-0.907450
-0.001669
0.638778
-2.014067
0.087059
0.381850
0.682778
0.657118
1.265262
0.636497
-0.427761
0.000341
-0.907355
-1.860695
0.506855
1.396963
0.946455
-0.213127
-0.847265
-1.340945
0.810064
-0.501842
-0.399407
2.781491
0.422346
-0.190495
-0.629275
-1.303976
0.013191
0.396649
1.020898
1.296527
-0.469769
-0.015141
0.237684
0.036864
-0.551186
-0.199883
-1.922687
0.204504
-1.260398
-1.358070
-0.257502
-0.672273
0.503925
-0.664895
-0.601451
-1.133145
0.905720
-0.980038
1.777152
-0.646844
-0.911032
0.933877
1.005197
-0.919109
0.217842
0.918804
-0.316301
-1.584897
0.186423
0.687478
1.736880
-0.132151
1.245630
0.008818
0.343749
-0.862718
1.238301
0.856282
0.204143
2.243920
1.383183
0.053052
0.745256
1.214798
0.630699
1.520474
-1.303522
0.000811
-0.102303
-1.708731
0.862783
1.021483
-0.106123
1.644911
-0.532612
1.951669
-0.608429
-0.686280
-0.796023
0.355840
-1.383324
0.106179
-0.018100
-0.611967
-1.447536
0.440713
-1.876731
1.529091
-1.587637
0.900239
-1.456662
-1.909564
0.855705
-0.504785
-1.170145
-1.854347
1.109672
0.558788
-0.357796
0.159883
-0.205364
-0.423161
-0.606254
1.534490
-1.743240
-3.350539
-0.313294
-1.222886
-0.315293
-0.711388
1.311635
1.081810
-1.226412
0.624726
-1.806182
0.417119
0.112263
-0.685139
-0.571893
0.183038
0.971353
0.681828
-0.225555
-1.347883
-0.905254
0.335629
-1.808421
-0.483966
-0.511231
0.699671
0.144843
-0.696755
-0.331991
3.054971
0.680126
-1.658463
-1.038947
0.016111
-0.299960
-1.303389
0.404661
0.774798
0.878857
-1.066064
-0.051249
-0.948063
-0.637977
-1.499552
3.859513
0.366787
0.726832
0.584273
0.371166
-0.569997
0.532592
1.627780
-0.102819
0.143462
-0.316567
1.054719
2.828309
-0.031143
-1.620351
-0.977567
-0.004910
-0.625715
1.699605
-0.108726
-0.332788
-0.938440
-0.442758
1.191044
0.430308
-0.250674
-0.620535
1.690270
-1.560207
-0.112808
-0.077920
-0.766081
-1.257322
0.211660
0.994702
0.437519
-0.727362
0.125081
-0.290142
-0.231727
-1.118271
-0.765281
-0.237558
1.312087
0.317171
0.863782
-0.698006
1.508960
0.212546
1.282970
-1.628574
1.922917
0.459825
-0.717374
0.634119
0.602559
0.276209
0.410296
1.177302
0.505687
0.055135
0.176746
-0.800470
1.751908
1.653778
1.796575
-1.719532
0.118242
-1.322357
1.072192
-2.053288
-0.804688
-0.044368
-0.277166
1.039190
0.601594
0.092238
-2.170588
1.202972
-2.328637
-0.145547
0.988478
0.034997
-0.791475
-0.826077
1.227768
-0.051049
-1.525897
-0.362929
1.803814
-0.009862
0.665410
-1.116817
-1.230733
-1.118614
-1.421923
-0.558439
-2.248926
0.165141
-0.906125
-0.364982
-1.059578
-0.277570
1.008306
-0.813589
0.856669
1.229629
0.389173
-0.148033
-0.820545
-1.136301
-0.688423
0.243496
0.956725
1.035454
0.158476
-0.722446
0.191074
0.807691
-1.558288
0.373357
0.890680
0.990512
0.144073
-0.171034
-0.297866
-0.231089
-2.064063
-1.372416
-0.269002
-1.516125
-0.707844
0.109865
-0.397166
-0.960184
-0.569858
-0.040490
-0.693499
-1.183207
2.031415
-1.859667
-0.320889
0.603709
0.455788
-1.126360
0.385530
-0.898443
-0.353642
-0.323818
-0.060611
0.676265
-0.670181
-2.142311
0.124010
0.890987
1.269394
0.704184
0.892738
0.644684
-0.912701
0.452862
-0.413896
-1.725151
-0.257830
0.287442
-1.299444
0.093307
-1.525570
-0.703124
-0.150148
-1.485375
-0.445903
-0.931037
-1.709347
-0.610185
-0.116821
-0.873153
0.436950
0.033041
-0.314155
-0.328634
-0.218221
1.288007
-0.397666
-0.949663
0.130574
-1.122873
0.901172
-2.298772
0.490998
0.800201
1.507425
1.737720
-2.990545
-1.497862
-0.296363
-0.311350
-1.225285
1.132968
-0.548219
1.284263
-0.399292
-0.596208
-0.154777
1.224311
-0.042326
-2.020448
1.324809
0.339211
3.125336
-0.554787
0.299560
0.162074
0.956546
-2.098918
0.773097
-0.709115
1.208848
1.124132
-1.136963
-0.160221
0.421256
-0.422121
0.883711
1.407711
-0.671770
0.468674
-1.356373
0.154610
-1.138178
0.730224
-0.881565
-0.098768
-0.770631
2.881863
-1.105368
0.687838
-1.296415
0.692400
-1.314537
-0.199955
0.845558
0.396040
1.374288
-0.061714
0.221515
-0.174515
0.473640
0.358404
-1.002788
1.321568
0.400653
1.235489
0.138204
0.313283
2.289917
-0.318075
-0.139304
-0.394201
1.286551
1.756143
0.732986
1.057288
-1.161313
-0.832640
-1.178271
1.001165
-0.352471
1.306294
-0.403809
-0.828608
-0.232424
-0.686736
0.883319
-0.222475
0.379666
-0.321002
-1.438692
-1.079099
0.293145
-0.374646
2.039097
0.347664
-1.562329
0.440026
-1.718828
-0.089144
0.375355
2.089590
-0.080626
0.401096
-0.599461
0.854795
1.244435
-0.670247
-2.357073
0.527554
0.537385
-1.844803
-0.637986
1.357622
-0.550044
-0.844677
0.202998
-0.141574
-0.234511
-0.415303
1.175881
-0.603169
1.026753
1.569105
1.997144
-0.708923
-0.421459
0.868888
-0.349028
1.013659
-0.686819
0.810101
1.345848
0.499890
-0.667270
0.008963
-1.520400
-0.322459
-1.535461
-1.388866
1.277210
-1.774023
-1.106949
1.103872
-0.079304
1.599868
-1.818913
0.761857
-1.023199
0.469661
0.938491
0.894159
-0.012170
-1.537510
-0.405325
0.119489
-0.769650
-2.342437
-0.867947
0.530188
0.926742
-1.741893
0.120980
-1.824177
1.606333
-0.982309
-1.189058
-0.768810
-0.563922
-0.562815
0.029472
-1.462842
-0.014640
-0.102361
1.434010
-1.064824
0.502467
-2.620688
0.635722
-0.787794
-0.525608
1.060509
0.144965
-0.099537
0.488339
1.454036
-0.488571
0.068661
-0.708325
0.484004
-0.083867
-1.582691
-0.896448
-0.091058
-0.255762
-0.105883
-1.605873
-0.801876
-0.949678
0.007130
-0.312788
-0.649436
-1.214012
-1.392843
0.797980
-0.152854
-0.239167
2.430125
1.366531
0.438503
0.589818
0.131258
0.595896
1.176808
0.837608
-1.207846
0.680069
-0.032615
-1.392278
-0.604097
0.512434
-0.946007
-0.734758
0.536972
-0.358359
-0.968387
0.504537
2.349329
1.043090
-0.806699
1.659526
0.588723
-0.120070
0.885422
-1.930045
-0.000723
-1.300509
0.291851
0.196364
0.761748
-0.900935
-0.867629
0.763170
-0.201544
1.644809
0.115128
0.510611
0.668720
-0.530174
-0.003601
0.057830
-1.045861
2.486824
-0.792054
-0.532002
-0.326331
-1.168718
0.210767
0.017124
1.257338
1.220590
0.739296
-1.312479
-0.236185
0.812975
0.192917
0.149573
0.346664
-0.931815
-0.726764
1.455904
0.573565
0.491126
1.209428
-0.182047
-0.745377
0.688436
-0.091666
-1.358396
0.284233
-0.324957
-1.545036
-0.388290
0.701054
-2.240854
-0.004065
-1.300439
-0.871586
0.057404
-0.210424
1.347654
1.156509
1.570946
0.034466
-0.041848
0.986339
0.146697
-2.127094
-1.292031
-0.459673
-0.763307
-1.029645
-1.070097
-0.149427
0.567525
0.068392
0.693806
0.369461
0.522012
-1.056926
-0.808954
0.157436
0.802349
-0.697660
-1.655005
0.409275
0.234570
-0.082950
1.267949
0.340482
-2.037916
-0.991994
0.083420
-0.197120
1.090440
0.048393
-0.674592
-1.633179
0.375669
0.611482
1.121323
-0.046260
1.311664
1.092975
2.048427
0.031095
1.079561
0.385715
-0.682647
0.283886
0.981794
-2.119580
-1.236877
-0.310271
0.449706
-1.293450
0.424160
-0.116916
0.151752
0.229377
2.156297
-0.450568
-0.113605
-0.963848
-0.911753
2.074534
-0.150850
-0.109946
0.375395
1.107033
-0.166594
-0.148296
-0.020461
1.639043
0.611853
-0.815601
0.157810
-0.521901
0.458281
-0.368565
0.607302
-0.785833
-0.444906
-1.223209
-1.159896
0.076907
1.505191
-0.307391
-2.461079
0.064629
0.940468
0.263225
2.322417
-1.294735
0.390259
-0.172200
-2.083978
0.047025
0.548902
0.228126
0.933453
0.981635
0.134332
0.602649
0.070635
0.069579
-0.806363
-0.723812
-0.237917
0.747912
0.676823
0.756964
-1.430845
0.773589
-0.704666
0.105633
-2.026687
-0.344913
-0.004192
0.036890
-0.355762
0.475583
0.849854
-0.127449
0.332668
1.929920
2.424110
-0.664901
0.337709
1.570641
-1.788171
0.361074
0.313705
0.617996
0.014935
1.432796
0.135696
0.764702
0.141314
-0.085256
-1.299486
-0.241805
0.521597
-1.477586
0.229282
-0.073395
0.375025
1.414722
1.249356
0.885703
-0.517130
1.037804
0.769342
0.479689
-1.505816
1.211862
-1.025413
0.310465
-1.129749
1.193060
1.174692
1.782218
1.373368
1.145999
-0.041853
-0.325562
0.311062
1.424755
-0.806285
0.504724
0.122999
-1.546666
-0.380144
-1.790904
0.081311
0.694807
1.689710
0.941708
-0.851538
-1.087693
0.291776
0.219600
0.467905
1.955988
0.043487
-0.655329
-0.988595
-0.841023
-0.858503
-1.123075
1.495735
-1.392973
0.792951
-0.666525
-1.105237
-1.221712
0.741553
-0.213749
1.836980
-1.037668
1.089323
-0.615660
-1.634332
-0.100006
-0.549024
-1.877965
1.440800
-0.317360
0.719919
0.856499
0.559599
1.821279
-0.292572
-1.227096
-0.080904
0.988066
-1.372874
-0.082219
0.281558
-0.576629
-1.750099
0.338809
-1.122052
-1.678498
-0.665803
1.100803
-1.561513
-0.043051
-0.625214
-0.524905
0.706967
-0.297092
0.333826
-0.152589
-0.469299
-0.807293
-1.986475
-0.155488
-0.828919
-1.328175
1.276468
-0.390128
-0.384219
1.835495
0.169298
-0.381976
-0.871830
-0.716646
-0.306968
-0.044875
-0.535150
-0.715843
0.579201
0.942321
-2.254542
-0.042545
-0.412546
-2.398692
-0.571343
0.057137
-0.725219
0.192712
-0.031598
-0.839139
-0.771855
-0.707638
0.289656
0.044805
-1.281413
-0.559745
-0.454801
-2.184369
0.800491
-1.373002
0.735549
-1.073164
-0.563156
-1.681404
-0.746052
1.333435
-0.666334
1.072238
0.017746
-1.108386
0.317139
0.982002
-0.211369
1.733530
-0.969839
0.443784
-0.983581
-0.522734
1.376541
0.081960
-0.814934
2.255927
-0.926787
-1.495596
-0.804670
1.835905
1.431175
0.293896
1.319139
-1.570530
0.470255
-0.960861
0.319752
0.084886
-1.409781
-0.070451
0.227863
0.994020
-0.608064
0.078143
-0.462615
-1.239142
0.851410
-0.343191
0.320100
-1.775360
0.677138
0.732606
0.801827
-0.810079
1.599640
-0.845474
1.563695
-1.049719
0.930846
0.205240
-1.329770
1.384178
-0.630644
1.423150
0.346275
0.985679
-1.630785
0.223735
-1.178032
1.785906
0.654584
-0.621728
-0.702497
1.776016
1.175363
-0.651365
-0.155467
-1.550380
0.045182
1.253891
-0.550905
0.963983
-0.984232
2.045481
-0.894765
-1.177318
1.114319
-0.437095
-0.520878
0.009267
-0.036451
0.213203
0.473910
-1.836315
1.424001
-0.749726
0.070196
-0.033279
1.128681
1.695584
0.752277
0.287346
-0.317384
0.926050
-2.102861
0.894070
-1.430565
1.319186
0.506194
-0.843541
0.757612
0.058947
0.976831
-1.246029
-0.550389
-1.072125
0.505514
0.073701
0.600619
-0.638183
0.480302
-0.400780
1.008552
0.980835
0.245112
-0.001701
-2.016118
0.701909
-1.149166
-0.791591
-0.270881
-0.602890
-0.153128
-0.136030
-0.654342
-0.799969
-1.547704
-0.046721
-0.319654
0.035922
2.484096
-0.305529
-1.086094
-0.484063
0.156298
-1.408612
-0.245641
-1.146131
-0.937572
0.147703
0.076364
-0.851710
0.867865
-0.332457
-0.520669
-0.463959
0.474567
1.179802
0.146606
-1.821834
1.181985
-1.139114
0.017820
1.388585
1.358020
-0.641822
-0.200335
-1.447510
0.453690
-0.300503
-0.237318
-0.158501
0.647626
-0.178226
-0.550702
-0.372091
0.402753
-0.712041
0.790779
-0.184028
0.400951
-2.175992
1.012928
-1.552717
0.214305
-1.249124
-2.117491
1.984225
2.453481
2.381997
-1.232540
1.646397
-0.280421
-0.409993
0.349629
0.657087
0.086394
0.816250
-0.027747
-1.016677
0.981957
-0.512236
1.117275
-1.681264
1.423303
-0.331637
1.619952
0.401101
-0.491857
1.957993
-0.603736
0.424318
-2.403229
-0.584450
0.192328
-1.546899
0.970126
0.010034
0.577676
-0.749735
-1.079215
0.204886
-1.847074
-1.079797
0.277587
0.499162
1.299776
-0.667915
0.672047
0.937533
-0.313370
0.597334
0.123461
0.209145
-0.998212
-0.307559
0.768958
1.292127
0.339003
-0.283738
-1.256509
-0.932256
-2.042220
-0.005862
-0.048127
-0.801567
-1.106855
-0.939347
-0.206179
0.196548
1.355797
-1.499619
-1.078447
0.798054
1.227431
-2.156097
0.976774
-0.358170
1.175628
0.748838
-0.813572
1.778527
0.475053
0.841326
-1.989081
0.540023
-0.226000
0.317505
-0.043447
-0.351084
0.004797
0.238571
0.795615
-0.074092
-1.560145
0.022984
1.337330
1.848401
-1.568322
-0.974041
0.137669
-1.400604
0.748223
-0.411372
0.210918
0.281934
0.659971
0.237401
0.180388
-0.239221
1.787028
-0.103957
-0.414501
-2.442765
-0.583262
0.357350
-0.848393
0.912612
0.236091
1.916781
-0.051269
-0.482054
0.115047
0.064595
1.129861
0.089062
0.987684
0.728781
0.348909
-0.574700
0.318055
0.170745
-1.980020
-0.115036
-0.331777
0.769997
-0.102257
-0.754818
-1.038453
-1.143772
-0.745451
1.207245
-3.444608
0.670441
0.871772
1.247886
-1.355767
1.237354
0.129084
-1.449284
-0.883964
1.118337
-1.362891
1.409527
-0.778833
0.219748
1.643447
-0.124412
-0.458673
-0.193737
-1.861792
0.117899
0.022177
-0.274152
-0.696485
-2.101670
0.280598
-0.875478
0.422296
-0.978344
-0.521598
0.720818
-0.576945
0.105960
0.348101
0.162394
0.218202
0.724749
-0.489067
1.704405
0.770192
1.170556
0.345590
-1.451550
-0.096074
-2.435034
-1.395506
-0.771591
-1.398020
1.422928
-0.402080
-0.336098
2.645540
-0.268225
-1.407622
-1.190199
1.253776
0.567788
1.177076
0.149667
0.055130
-0.497907
-0.069105
1.017251
-0.432478
-1.047104
0.620313
-1.262476
1.564878
0.343610
1.148546
0.393081
-0.569197
0.060854
-0.086890
-0.276249
-0.701084
1.495076
0.598396
-0.262303
-0.407464
-0.829710
1.246714
0.734818
-0.024333
0.793992
0.089500
0.215075
0.663755
0.615488
2.336431
-0.550852
-0.427250
0.130314
-1.630990
0.481192
-0.852552
-0.785481
-0.383331
0.610380
-0.036983
-0.785137
0.323723
-0.767299
2.243458
0.134452
0.381548
-0.330498
-0.103366
-0.306857
0.810247
-0.141361
0.845355
0.800496
-1.766926
0.147614
-0.037658
-0.685828
-0.500806
-1.049633
-0.851002
2.923058
0.045555
-1.367600
-0.032535
1.335407
0.779244
1.627028
-0.872577
0.226505
0.456961
-0.046310
0.297335
0.196370
0.102148
-1.955917
0.848834
1.102190
-0.083886
2.079867
-0.527166
-0.147675
-0.196591
-0.148896
-1.704143
-0.586255
-0.946406
0.629898
-0.269858
0.750527
-0.025254
1.110234
-0.194730
-1.029227
-0.494065
0.615370
-0.053150
0.610657
-0.309484
0.400333
1.264811
0.078677
-0.714658
0.431594
-1.040091
0.500111
-0.258298
0.195549
0.458858
-1.047124
0.145947
-0.832625
1.072354
-1.475893
0.039147
-1.014322
-0.680592
1.580525
1.123056
0.685479
1.656006
-0.055874
0.590988
-0.995787
-1.259756
-1.778757
0.522929
-0.890886
-0.686661
-1.532828
0.134604
-0.205537
-0.810259
0.587729
-0.030125
-0.500220
1.594961
-0.164742
-0.599209
0.040992
1.626366
-0.442745
-2.498235
0.296306
-0.359841
0.510231
0.169379
-0.265390
0.318236
-1.155732
0.283959
-0.556017
0.556357
-0.430416
1.780972
0.269998
-1.007241
-0.326713
0.109779
1.001465
-0.076925
-1.654258
2.073161
0.116854
-0.563830
0.942533
0.366349
-1.343534
-0.745635
1.689116
-1.219647
-0.993033
-1.935879
-0.329658
-0.501645
0.124146
0.317580
-1.079195
0.021754
2.052744
-0.349526
-1.408541
-0.277693
0.474862
-0.451810
-0.318152
2.039883
-1.824377
-1.443936
0.898296
1.602144
1.641189
1.690352
-0.879674
0.841371
-0.747181
-1.521941
0.082639
-0.253396
0.661471
-0.408373
1.358572
0.263740
0.366054
-0.711353
0.044971
-0.078803
0.769003
2.079628
-0.667601
0.543312
1.595663
0.447314
-0.256473
0.450995
-0.480989
-0.166628
2.045841
0.455262
-1.150998
-0.007249
0.344959
0.438007
0.991916
-1.394181
-0.016994
0.727660
0.036772
0.736870
0.268080
-0.428006
-0.457106
0.301044
-1.244370
-0.183392
0.560000
1.175344
-0.122160
-0.915379
-1.234872
-0.911773
-1.688825
0.133409
0.627941
-0.587803
0.702568
-0.336831
0.095322
-0.577170
0.474851
-1.325755
-0.695485
0.050227
1.317193
0.918154
-0.329721
-0.366569
0.172373
-0.010740
1.331380
0.296358
-1.033214
-1.576558
-0.749440
-1.303017
-0.553761
2.360649
1.400171
-0.193584
-1.545304
-1.195401
-1.509288
-0.937133
-0.415472
0.182483
1.059312
-0.937082
0.189656
-0.024291
0.372423
-0.253583
-0.002378
-1.017194
-0.238404
-1.595072
-0.657424
-0.493498
-0.366827
1.018528
-1.265272
-0.407585
0.044015
-1.163363
1.187811
-1.124045
-0.151405
-0.346754
-0.191782
1.050078
0.922907
1.330426
-0.884315
-1.007789
0.747812
0.334428
-0.763215
-0.139308
1.096766
-2.089270
-0.228438
-0.872789
-0.029336
2.333333
1.860994
1.115965
-0.495527
1.043708
0.934311
-0.737155
-0.698781
0.270386
0.719442
0.294736
-0.081812
-1.253003
-0.481749
0.775413
1.076087
-0.316899
0.225048
1.688245
1.204122
0.280558
-1.126831
0.551341
-1.652043
-0.158091
-0.817065
-0.115140
0.721859
1.664944
0.045195
0.107326
0.402980
-0.166188
-0.091249
-0.600514
1.221474
-0.336454
0.072310
0.317599
-1.330847
0.696595
-0.833746
-0.382953
1.649459
0.054407
1.503477
0.280879
0.249990
0.687699
-2.150760
0.874458
-0.885113
0.288382
-0.623239
-0.028941
0.667469
1.085662
-1.550941
-0.443307
-0.568293
0.542709
-0.386937
0.860770
-0.987856
-1.772887
-1.187903
-0.292908
-0.186890
-1.381240
0.073987
-0.429070
-1.834844
-0.276646
-1.323614
1.138342
-0.323090
-0.947989
-0.134339
-0.284856
-1.104139
-1.129245
-1.301405
-1.006416
-0.700875
1.814924
-1.460515
-0.636007
0.445334
-0.955470
-0.148722
0.840267
1.093465
1.480821
0.893700
0.394536
-0.371092
1.307288
-1.933329
-0.905022
0.252439
-0.653177
0.091182
1.551847
-0.936405
-0.808703
-0.103594
-0.780097
-0.294530
-0.122511
0.213183
-1.715446
0.559986
0.435579
0.154500
0.104529
-1.865411
-0.552088
-1.318561
-0.311534
-1.356562
-0.103505
-0.908068
0.660095
-0.787396
-1.050425
2.079489
-0.383050
0.622553
0.065698
-0.538265
0.397132
-0.093327
0.547264
0.149393
-1.610673
0.754839
-0.000853
-0.195971
0.145020
-1.711510
-0.580784
-0.081778
0.333334
-1.023769
0.063753
-0.643604
0.696804
-3.527423
0.227187
0.980194
0.709907
0.244180
1.235367
0.508957
1.401633
-0.303111
-0.191801
0.154396
-0.716509
-1.080461
0.995817
-1.067363
-0.786538
0.511052
0.473086
1.587119
0.622774
1.683519
0.379489
1.541689
1.164050
0.311277
0.897210
1.789130
0.262510
0.802255
1.037996
0.675192
0.113045
0.625440
-0.281251
-0.286740
0.008532
-0.673696
-1.191902
0.009698
-0.499169
0.928588
0.289000
0.399527
0.525620
-0.545356
-0.402967
-0.523151
-1.514136
-1.053896
-0.540106
-2.483063
0.977526
-1.381898
-1.661527
-0.598678
-0.063571
-0.977864
-2.192494
0.181656
0.501112
0.228844
-0.743431
2.985585
-1.054285
0.605264
-0.472035
1.139176
2.516947
-1.263433
1.602837
-0.604801
0.363209
-1.286145
0.187360
1.711723
0.752024
1.323987
-1.236068
-3.168647
0.476772
0.405268
-1.402418
-1.576759
-0.919752
2.027227
1.320627
0.249137
-0.991001
1.182518
0.203433
-0.511636
-0.148477
1.849130
-0.169617
1.188855
0.099990
-0.830825
-2.041037
0.020588
0.782802
-0.766308
-0.104717
-0.907165
0.877894
-0.200943
-0.990960
-0.412579
-1.222322
-0.228055
0.713644
-0.794989
-0.385994
-1.272706
0.282914
-0.429847
-0.457082
1.240702
0.306702
0.286806
-0.006454
1.908596
0.197236
1.607694
-0.732407
-0.432638
-0.826632
-0.166245
0.688980
-0.701694
0.230134
-0.287837
1.234893
-0.239052
1.813014
0.276312
0.218105
1.170238
-1.791078
-0.580438
0.168280
0.547800
-2.493707
0.209754
0.240838
1.140776
1.178322
-0.728978
1.213883
-0.332142
0.233120
-1.170041
0.421722
0.781401
-0.123069
-0.476763
2.189186
-0.084260
1.827850
-0.946601
0.468644
1.515017
-0.493642
1.202887
1.232271
0.176323
0.530596
0.383655
0.170658
-0.825755
0.631286
0.727241
-2.633188
1.071426
-0.932373
-0.515512
-0.178558
-0.328730
-1.553948
-0.185218
2.457587
0.461965
0.736082
1.103021
0.587555
0.394780
0.415597
0.300797
-1.174556
0.513474
-1.506051
0.455310
0.750517
0.332913
0.636388
-0.848363
0.006292
-1.145504
1.368699
0.748402
0.673468
0.264028
1.556292
0.193244
-0.242929
0.988172
0.007840
0.366578
0.175299
-0.733744
-0.742067
0.235075
-0.079089
-0.349228
0.180848
-1.344605
1.118755
0.087267
-0.836375
0.591481
0.801479
-0.337977
1.582499
1.345536
-0.312486
-0.494496
-0.503246
0.123902
-0.281745
-0.419722
-1.241326
2.100262
-0.955289
-0.435976
-0.178343
2.578816
2.651672
1.837894
-0.009082
1.684167
-0.206038
-0.907125
0.106548
0.145204
0.985983
-0.874553
-0.264920
-2.312993
-0.192042
0.114372
0.139316
0.606907
0.581712
1.389005
-0.886244
-0.949680
-0.265215
-1.175459
1.189555
0.303551
-1.005754
-0.781538
0.229638
1.995735
0.655917
0.956546
0.174550
-0.556291
0.565232
-0.992503
0.736815
0.335827
0.284695
-0.417118
0.106804
0.822282
-1.031182
0.401462
0.732570
0.249312
-0.636315
0.292208
-0.444497
-0.374480
0.183266
-2.319955
1.101421
1.225501
-1.036122
-0.304050
-0.086121
0.895849
0.242966
-0.908689
-1.211688
0.153072
-1.896516
0.319098
1.058376
-1.044785
0.789444
-1.313088
-2.610742
-0.793602
0.480836
-0.324056
-0.806528
2.167076
-1.566059
0.084683
0.099159
0.093444
-0.374921
-0.201877
-0.296721
-1.026222
0.765849
-1.553349
-0.632467
0.161370
0.377526
-0.869391
0.637339
0.406061
0.416040
-0.867421
0.261171
-0.281472
1.059711
-0.443779
0.017134
-0.861203
0.636325
1.148860
0.918890
-0.855972
-0.877421
-0.397672
0.529408
1.583962
1.355147
-0.464595
-0.020691
0.300573
-0.462800
1.231479
0.684373
-1.492649
0.415381
1.269003
1.373047
0.919662
0.454682
-1.702239
-0.848330
0.207571
0.339801
0.920770
-0.559944
1.550097
-0.842445
-0.599297
-2.208162
1.569125
-0.633348
0.635662
-0.192342
-0.674973
-0.058051
-0.380719
-0.176652
0.136086
-1.265689
-1.131353
-1.110197
-0.773054
-2.016922
0.488305
-1.754809
1.739065
-0.827688
-0.388421
-0.328753
-1.625143
-0.737448
-0.210512
-0.530760
2.136523
0.504813
0.702528
-0.661946
-0.065149
1.088344
0.728125
-0.304333
0.738987
0.908579
-1.435307
0.425017
-1.079355
0.136100
-0.192723
-0.026722
-0.125019
-1.275320
-0.998938
-0.970464
-0.797420
-0.480161
-0.274814
0.486263
0.611483
-0.435249
0.357007
-1.351227
-1.044056
0.992939
0.846163
0.484613
0.617785
2.961209
0.145435
0.795082
0.368199
0.175898
0.482610
0.670513
-0.972327
-1.948235
-0.741779
0.785435
-1.414603
0.378122
0.812860
0.679871
0.302671
-0.458408
-0.266042
0.799372
0.177040
-2.151232
1.847170
0.618742
-1.050319
-1.922707
-0.555860
0.127696
-0.624016
0.335141
0.000058
-0.293125
-0.342296
0.667604
1.912177
1.398589
-0.799531
0.947721
0.906040
1.754093
0.869682
0.890931
0.899308
0.611918
-0.653470
0.717256
1.643606
-0.431793
-0.100975
0.440603
0.368601
-0.081905
-0.080906
-0.547390
-0.223041
0.429621
0.302734
2.713586
0.167114
0.574701
0.255371
-0.401985
-1.083280
-0.797546
0.098291
3.840972
-0.179520
-1.315063
-0.109322
-0.527343
0.264465
-0.133032
-1.290757
-1.467281
0.590075
0.948297
-0.351882
0.334262
0.277592
-0.150316
-2.458662
0.484840
1.674464
0.006720
-0.273324
-1.860076
0.021551
-2.459012
0.364151
1.012373
0.623565
-0.181422
1.225084
-1.329897
-1.042971
1.978230
3.061732
0.161389
0.955985
-0.917264
-0.803621
-0.969963
-0.515768
-0.219753
0.070631
-0.507466
-0.165059
0.409650
-0.150294
0.910200
-0.808373
-0.603024
0.787398
0.590958
-0.177180
-0.336225
-1.166609
0.505425
-1.336345
0.027180
0.052582
-2.045762
1.048898
0.926997
0.591466
0.419665
-0.589205
0.086862
1.089802
1.026659
-1.268167
-0.666336
-1.062346
-0.753391
-0.187145
1.099975
-1.480496
0.026558
-1.522824
0.929699
-0.701479
0.232763
0.635513
-0.357319
-0.321091
0.717319
2.011107
0.091833
1.235493
-0.480056
-0.251513
-0.410360
0.298951
0.169649
0.664037
1.836792
-0.550270
-0.445526
1.718683
-2.064266
1.784884
0.473106
-0.523610
0.166501
1.753918
-1.647357
-0.445872
-0.568352
0.909980
0.855781
-1.119594
0.359499
-1.519952
0.845752
0.399787
-1.876711
0.352365
-0.643689
0.374615
0.459646
0.391785
-0.359600
-0.030450
-0.214293
0.489895
0.582393
-0.409362
-0.549553
0.625340
-0.335499
0.689574
1.882029
-0.828947
-0.601926
0.249229
0.895384
1.441249
1.100206
-2.515926
-0.290285
-0.071476
-1.134524
-0.164991
0.994595
0.380807
-1.404342
0.865127
-1.472252
0.352627
0.907677
1.025000
0.115699
-0.108925
0.686912
-1.352715
1.183137
0.817865
-0.682209
1.234495
0.488493
0.325564
0.008896
0.131652
-1.246879
-0.942234
-0.718110
0.012814
-1.041783
-1.482452
-0.186018
1.392080
1.321017
0.783689
-1.413492
-0.946053
1.117404
0.846476
-1.128463
-1.310431
-0.681347
-0.564844
0.070153
1.651441
1.848963
0.024432
-0.667931
0.775713
-0.629105
-0.706722
0.286807
-1.920608
-0.029905
0.172241
0.588732
-1.926207
1.067383
-0.613157
1.134250
1.389940
0.527630
2.068826
-2.053465
-1.302517
2.171555
0.521743
0.049423
1.958474
-0.201096
-0.328676
0.453278
-0.641428
1.638336
-1.162191
-0.310381
0.552699
-0.556548
-1.831588
-1.162496
0.409692
-0.123764
-0.063454
1.663978
0.675172
1.087181
-0.349471
1.220254
0.828365
0.695030
-0.636833
-0.015495
0.540497
-2.167861
1.386915
0.677702
-1.134389
0.314688
0.685542
1.457618
-0.011226
0.245786
0.170544
-0.725683
0.203788
0.857595
-1.238026
-1.432019
1.384080
1.143007
2.586127
0.563974
1.047888
0.626108
0.875772
0.107119
0.659098
0.927586
-1.458721
0.275414
0.060347
-0.250702
0.477480
-1.015138
0.432228
-0.243880
-0.631163
-1.198385
0.523299
-0.027574
0.436331
0.166236
-1.150728
-1.975872
0.048373
-0.110584
0.882532
1.171975
1.470451
-0.494603
0.087110
-1.125076
0.463535
0.032878
-1.291382
-1.065763
0.697489
1.050337
0.870350
0.879130
0.559724
1.169794
0.178413
-1.555769
1.085846
0.176776
0.790158
0.218115
1.415000
-0.232490
0.008886
-0.130112
0.240526
-1.273576
1.203395
-0.077264
0.126344
-0.585794
0.643755
-0.861920
2.619800
1.380529
-0.428330
0.683949
0.758812
-0.778559
0.270039
-1.377491
0.963261
-0.924332
0.120568
0.177399
0.194386
-0.539265
0.229390
-1.546045
0.874199
0.677232
-0.220143
0.229774
0.980903
0.799405
0.097562
0.913127
0.650854
0.648732
1.584685
-1.834986
-1.706964
-0.216455
0.223512
1.440119
-0.868561
-0.885892
-1.116083
1.039983
0.362674
0.030524
-0.177073
0.642160
-1.047032
0.024553
1.626516
1.186499
-0.080466
-0.116041
-1.648568
0.270458
-1.542517
-0.843025
-0.708697
0.800111
-0.296537
-0.811075
2.316494
-2.088669
0.884060
-1.743744
-0.733844
1.344647
1.134382
0.879991
-1.158967
-0.879938
-1.824163
-1.646567
-0.685738
0.844330
-0.030739
1.147303
-0.360940
1.896326
1.780719
2.699457
-0.722235
-0.653909
0.191191
-0.205174
-0.234375
0.803305
-0.608718
-0.374647
-0.421468
0.110256
0.219788
-2.159757
0.346627
0.447921
0.244294
-0.169090
1.057402
-1.068170
-1.103663
1.861564
-0.449928
-1.105618
-0.714359
-0.718427
-0.013541
-1.498077
-0.670628
-1.045384
0.692114
0.049320
0.522268
-0.711593
0.200677
0.436886
0.876963
1.486063
0.148770
-0.610430
0.988376
-0.750482
0.615276
-0.432407
1.148731
0.032343
0.020260
-0.137074
-0.877329
0.834131
0.235850
-0.247407
0.304553
0.772895
-0.912914
-0.275946
-0.387544
-0.378166
1.112850
1.247432
1.606874
1.215362
1.115528
-1.306196
0.354344
0.473140
0.337406
-2.097575
-1.504402
0.873575
0.884314
-0.588632
1.271572
-0.448761
0.167803
0.260484
1.296237
-0.241522
-0.537907
0.878861
-1.961811
0.220709
1.034316
-0.350025
-1.464008
-1.699992
-0.267493
-1.152557
-0.917604
0.619242
-2.336885
-1.281578
-1.016785
0.509289
2.311718
0.499361
0.305658
0.888258
1.202306
-1.304730
-1.447240
-0.767312
0.368306
1.642549
-1.508260
0.715656
-2.174774
0.688707
-0.424703
-0.653295
0.370292
-0.866871
-0.895139
-1.621089
-1.026985
0.393705
-0.778117
1.297547
1.313223
0.629408
1.085620
-0.088934
0.337366
-0.703425
0.417829
0.447775
-0.201182
1.000579
-1.946196
0.959530
-0.797622
0.097459
-0.506629
-0.392066
0.330722
-1.060596
-0.706339
-1.177200
-0.053081
-2.172082
-1.002315
0.833847
-0.104310
0.787656
0.457200
1.717173
-1.982088
1.384142
-1.328012
0.313113
3.088336
0.636330
-0.569479
0.354663
-0.378861
-2.672220
-0.025006
-0.890109
-0.441386
-0.044681
0.113581
-1.162640
-0.138458
1.243495
-2.018718
0.814432
0.907336
-0.163703
0.580547
-0.707212
0.203625
0.473104
-0.511011
-0.516220
0.630806
-0.018231
1.334115
-0.221606
2.123110
1.363234
1.914685
-0.602691
1.447718
-0.408197
-1.713007
0.735360
1.082476
1.798609
0.929522
1.953238
-0.235790
-1.436936
-1.136533
-1.348620
-1.213932
-1.179900
-0.173218
0.730863
0.386519
-0.827309
-2.126182
0.040832
1.630164
0.229981
-0.365725
-0.284607
0.661285
1.061982
-0.389500
0.601842
-0.754833
-0.287895
0.107573
-0.191589
-0.224651
-0.373730
-1.321848
-0.207266
-0.206215
0.880047
-0.934674
1.698441
0.196980
1.240377
0.704379
0.330503
0.537609
-1.248557
0.454271
0.726044
1.267117
-0.301031
-1.067849
-0.423660
1.780571
3.037908
-0.944256
-1.858565
-0.081736
-1.078175
-0.374162
-0.434118
-0.912535
0.923794
0.681467
0.493105
0.589938
1.030659
-1.224303
-0.055850
-0.425705
-1.228146
2.639276
-0.682409
1.136497
-2.018696
1.337195
0.458411
-0.773256
0.676161
1.869086
-0.553135
-0.209104
-0.035498
-0.317756
-1.389792
-1.167370
-0.805683
0.409416
0.555455
-0.477968
-1.560573
-1.012182
-0.162820
0.373903
0.596604
1.001141
-0.504590
-0.526524
-0.214966
-0.074836
-0.068256
-1.303741
0.015690
0.026138
-0.405177
0.346026
0.118692
2.300911
-0.281515
1.604633
-1.020173
-0.586285
-1.450245
-0.716631
0.354729
1.095908
1.409713
-1.227135
-2.430577
1.391667
0.396654
-1.875535
0.629616
0.689108
-1.094538
-1.745841
-0.286021
-1.312157
-2.894662
-1.132615
0.242627
-1.471111
-1.551580
-1.510097
1.330608
-0.740559
1.706532
-2.012180
-0.593185
-0.445885
-1.073140
0.223737
-1.511592
0.777361
-0.426671
-0.260327
-0.263800
-1.216284
-0.914328
0.187695
-0.583503
0.358149
-0.412750
0.529301
0.275464
-0.430787
-0.935587
0.989405
-1.046694
-0.975324
0.728786
1.351972
0.006777
-0.141958
1.425238
-0.601056
1.450777
0.324528
-0.549345
1.134611
1.617315
-0.878018
0.336034
0.480071
1.333131
0.083769
-0.133276
-0.241489
0.117934
0.434710
-1.816051
-0.153975
0.751342
0.987925
-0.425489
1.192743
0.694505
0.900453
2.045476
-0.695075
0.979166
-0.100090
-0.186101
0.151088
0.726390
-1.310276
-1.126879
-0.040821
0.463128
-0.267496
-1.017085
0.211853
-1.521076
-0.887921
1.102834
1.288765
-0.377004
-0.906716
-1.770430
0.559266
0.223699
-1.354702
-0.150270
0.721206
1.407911
0.800002
-0.738803
-0.431702
0.163334
-1.462789
0.317600
-0.654667
-0.948615
-0.463833
1.052040
-0.618596
-0.113744
-0.129070
0.302721
-0.382190
0.164994
-1.274031
-0.815485
-0.754735
0.315120
-0.171666
0.842004
1.300163
-0.008851
0.192244
0.177544
-0.443675
-0.984395
1.045036
-1.260121
0.036742
0.355399
-0.318208
-0.606798
-0.941964
-1.013657
3.178267
-0.133677
0.981620
-1.978893
-0.066689
-1.264434
-0.840795
0.247208
-1.373639
1.369813
0.496207
1.598089
-1.004698
-0.343493
-1.835560
0.269532
0.869002
0.560826
-0.957593
0.241658
0.804887
1.042123
-0.835971
0.426905
-1.090597
-0.175742
-1.911964
0.321626
1.005268
1.414981
-0.911860
0.420264
0.497765
1.154533
0.326050
0.970613
-2.577051
1.011738
-0.512953
0.741140
0.130883
0.215056
0.393767
-0.660730
0.408989
3.275754
-0.477538
-0.612488
-1.395000
0.155654
-1.970242
-1.832178
1.516221
0.191349
-1.298995
1.223681
-0.064694
-1.653493
0.485928
-0.528089
-1.569762
-0.177281
-0.078645
0.601866
1.459310
0.807182
-0.791007
-1.210013
0.935564
-0.146496
0.465117
0.323343
1.210361
0.281513
2.267062
1.072574
0.554953
-0.456532
0.358830
-0.245069
1.095809
-0.936455
1.388722
1.994626
0.346141
-0.232543
0.081123
0.875925
-1.657161
-0.002312
0.486347
0.443814
0.237031
0.501086
-0.489522
0.987014
1.092729
1.566525
-0.181244
0.642519
-1.243132
0.857881
0.043645
-0.866196
0.640259
0.202934
2.848805
0.229144
0.480033
0.206297
2.172281
-0.605170
0.358715
0.013508
0.005771
0.353106
1.472253
0.121313
-0.560025
0.409444
-2.044318
1.225054
1.060006
-1.320131
0.365688
-0.406452
0.988174
-0.968426
-1.700249
-0.282707
-1.193729
-2.613670
1.482324
0.955733
-1.294977
0.495362
0.463752
1.258334
1.258464
1.533193
0.410439
-0.409512
-0.364304
0.991608
0.680955
-0.261689
0.564855
0.947489
0.138449
0.653560
-0.453186
0.668096
1.220388
1.392627
-1.434251
-0.428628
0.037778
-0.728869
0.912776
0.867611
-0.105070
-0.151132
1.845633
0.822853
0.635279
-2.147352
0.896609
1.030917
-0.956969
0.005671
1.181981
0.724149
1.287163
-0.375943
0.502719
-0.162433
1.523425
-2.234497
0.299429
-1.171417
0.622638
0.935766
-0.902614
-0.411576
-0.489557
-0.513678
0.983941
-0.879097
-0.227042
-0.285876
0.694391
0.538985
1.859044
1.328684
-1.773140
0.051573
-1.672746
0.336590
-1.548176
-0.620708
-0.026571
-0.346842
0.502789
0.158553
0.421675
0.186192
0.653573
3.165781
1.185026
1.598156
-0.501306
-0.820866
0.064646
-0.282779
-0.776272
-1.192468
0.615874
0.685799
0.622972
1.818121
-1.343579
-0.858011
0.127202
-0.081022
-0.036136
0.165985
2.111943
0.780359
-0.954338
-1.885978
-0.705632
-0.331703
-0.800197
-0.968859
-1.794383
0.972760
-1.864478
-3.311758
-0.574705
1.174769
0.168451
0.936968
-0.268038
-0.865419
-0.705995
-1.150172
-2.121587
0.435074
-0.350143
-0.946114
0.106433
0.085221
0.552345
0.432488
1.272123
-0.596946
1.459389
-0.230974
-0.858528
-0.118587
1.438554
1.133978
-0.093974
-0.103971
0.120277
-1.328200
0.303371
1.108491
0.327947
0.545992
0.366774
-1.766258
0.760503
0.366974
0.454536
0.669642
1.110862
-1.209900
0.406411
-0.297860
0.422656
-1.549421
-0.371632
0.597607
-2.108798
-0.480616
-0.804460
-0.309059
0.526705
-0.669596
-1.093325
-0.507565
-0.093505
-1.108434
-1.089008
-2.263531
2.272181
0.442238
0.266873
1.497441
0.452521
-0.488756
0.472488
-0.962872
-0.119188
-0.346897
-0.131368
1.024976
0.035798
0.098933
0.118318
-1.446178
-0.743676
0.088393
0.022026
-1.157660
-0.816105
-1.708213
-0.790582
-0.841879
-0.105355
0.349578
0.902716
0.484436
-0.872341
-1.315555
0.068619
0.725468
1.671449
-0.537300
0.048320
-0.152369
-0.091944
0.059282
1.688012
-0.663753
0.583953
1.200711
0.948903
-0.382208
-0.282324
0.461002
-1.044890
0.009172
0.941655
-0.228981
0.171914
-0.490943
1.735150
0.054808
0.474905
0.875564
2.107193
-1.481773
0.730250
-0.447216
-0.544646
-1.392328
0.490405
0.189997
-1.213534
-1.414892
-1.694477
0.270982
0.527748
0.250873
-0.067166
-0.361222
-0.597028
0.227901
-1.007558
1.022409
-1.071656
-2.187282
1.217551
1.014749
-0.489039
0.223731
-1.127784
-0.511182
-0.538842
0.824639
1.429343
0.432302
1.951720
0.599026
-0.173259
-0.505569
-0.268734
0.917530
-0.046735
1.122209
-2.834008
0.155717
1.188979
0.605789
-2.394589
0.171894
0.115055
0.348299
1.278890
0.898115
0.854022
0.861496
0.721918
0.359674
-1.176893
1.356661
-2.053898
0.400911
0.556567
1.595623
-1.079227
-0.439576
-0.511540
-0.181575
-0.406580
0.064744
0.277084
1.746334
1.774988
0.017168
0.369918
-0.672173
-1.467329
0.786056
-0.705025
-0.979288
-0.120939
1.349483
-0.318854
-0.333588
-0.054152
0.507013
0.553396
-0.277427
0.466876
0.341315
-2.618549
1.716567
-0.451141
0.596475
-0.601447
1.692585
-0.156718
0.295845
0.825009
1.366610
2.069191
-1.557775
-0.095662
-0.939224
0.572838
-0.634839
0.159481
-0.811200
0.325685
-3.322899
0.161494
-0.493889
-1.705035
0.821436
-0.555489
1.060598
-1.183520
0.989312
0.627662
-0.422926
-0.332982
0.623608
-0.512952
1.129937
-1.058277
1.380148
0.601873
-0.502084
-1.307652
-1.566811
0.286256
1.009563
0.851862
-0.122120
-0.760449
0.240716
-0.575780
-0.371018
-0.826496
-0.134369
0.915382
0.277168
1.252721
0.136453
0.271003
0.127435
1.608923
-1.229905
-0.209243
-1.779432
-2.280708
1.190705
0.291867
-1.340128
-1.247928
1.215154
0.354684
0.284039
0.307347
-0.420394
0.356203
0.604538
0.821210
-0.011446
-0.594777
0.712805
0.218560
-0.705668
0.159850
-0.107195
1.184798
0.451886
0.099373
-0.154948
0.943099
-1.405591
0.352582
0.906086
0.594644
-1.251744
2.139170
0.409687
0.692685
0.709117
0.517048
-1.263699
-1.319021
-0.329148
0.731474
-0.661211
0.265148
0.452971
0.122560
0.589732
0.240117
0.346628
0.430215
0.586470
-3.164180
0.271731
-0.324486
0.336916
0.454299
1.272638
0.573968
0.510941
0.212655
0.048396
3.188966
0.591348
0.259469
0.013123
-1.124364
0.008070
0.492856
1.373470
0.170724
-1.294434
-0.194714
1.318882
-0.212969
1.896633
0.373300
0.254279
-0.366387
-0.692438
0.017649
-0.242296
0.107487
-1.134432
0.186362
-1.628182
1.653303
0.501368
-1.204526
2.847793
2.500642
-0.080113
-0.510217
1.188788
-0.386551
2.409508
-1.309809
-1.010432
0.309615
-1.351560
-0.471477
0.640431
-0.626846
-0.837144
0.730723
-0.253019
-1.188364
2.166585
-0.075623
1.934771
-0.379607
-1.251166
-0.122866
-0.243862
1.314263
-0.196093
1.126059
1.288599
-2.324118
-1.239535
-1.497490
0.156527
-0.173968
0.346880
1.317667
0.834859
1.130650
1.303336
-0.545787
-1.015438
0.096988
-0.962641
1.280231
-1.749363
-1.151101
2.195724
-1.344570
0.688180
-1.550580
1.798488
-0.391219
-0.140920
-0.851519
-1.773831
-0.084361
-0.474260
2.483828
0.896075
-0.704721
-1.475625
1.284387
0.962872
-0.853857
-0.105714
0.385096
1.824137
-0.020545
-1.434346
0.773568
-1.905782
0.881641
-0.143332
0.818950
0.023632
0.213797
0.338362
0.154797
-0.278529
-0.027734
0.423148
1.322712
-0.593469
-1.178134
-0.686497
-0.498857
-1.103876
-0.856410
-0.849741
0.587798
-1.366509
-1.519266
-0.178752
-0.543551
2.320220
0.759799
1.501680
-1.745715
1.114530
1.157879
0.436115
0.345505
1.809237
-0.138879
-2.784354
-0.227436
-0.071516
1.554919
0.274509
-1.602914
2.870092
-1.954429
-0.538239
1.563756
1.029733
1.924460
0.697210
0.656508
0.444370
-1.233895
-0.362109
0.170901
0.028547
-0.097019
-0.308206
0.528408
-1.042526
0.230525
0.335886
-0.932516
0.934302
-1.064449
1.579580
-0.426603
1.134710
0.138602
-0.670509
0.161828
-0.483852
-0.404724
-1.024654
-1.107244
0.665026
0.577055
-0.133022
-0.450590
-1.365893
0.201200
1.131812
-1.049325
0.582364
-1.196573
1.160781
-1.797399
-0.514898
0.160166
0.087677
-0.487862
0.186616
-0.140130
-0.728984
1.099764
0.953483
0.456508
0.287848
-3.126079
0.282667
-0.425473
0.070674
-1.399755
0.244750
-0.974207
1.322505
-0.968646
-0.567164
0.219487
0.854828
-0.082981
-1.142134
-0.907835
1.203841
2.025655
-0.523065
-0.287942
-0.860254
-0.287192
-0.181414
-0.108286
0.773748
2.209370
0.913144
-0.273556
-0.246853
0.680060
2.186367
-1.242341
-0.102350
1.865436
1.890946
-0.375601
0.727486
0.995169
0.175934
0.127308
-1.969704
-1.436660
1.308867
0.510385
0.289314
0.600397
0.192051
0.526209
-0.255354
-2.366385
-0.906634
-0.618006
0.694719
-0.770774
0.658330
-0.618991
-1.733076
-0.724595
1.042192
-1.388686
-0.488724
0.327925
0.207630
-1.818052
0.056173
0.309879
0.647619
-0.414622
0.111593
-0.705004
0.127400
0.429320
-0.791465
0.592326
0.734874
-2.048479
-0.513373
-0.826188
-0.261713
-0.562751
-0.798694
0.346867
0.483830
-0.105458
0.071651
1.953478
-1.879070
0.349992
1.084817
0.486731
-1.642276
-0.687965
1.343033
-0.583676
1.588951
-0.840071
1.147759
-0.514921
0.808812
-0.332169
-1.529483
-0.458752
-0.784925
0.112183
-1.974630
-1.025081
-0.880859
-0.079184
0.235767
-0.936135
0.247259
1.859164
0.795312
0.257963
1.745720
-0.791472
0.903110
0.153687
-0.794836
0.047205
-1.129650
0.518578
0.796141
-1.781459
-1.717943
0.194608
0.784431
-0.031523
-0.942946
-0.425774
1.322567
0.554565
1.594661
0.993412
1.022878
-0.754387
0.860118
-0.004462
-0.387176
1.785984
1.410708
-0.575518
1.752815
-1.312456
-0.650579
-0.459169
0.194072
1.236203
0.186285
-0.753183
0.294719
0.615590
0.555523
-0.158406
-0.156400
-1.527257
-2.451951
0.375099
-1.576117
-1.067073
0.041311
-0.349509
-0.350811
1.427651
-0.580886
-0.205107
1.688125
1.225169
0.005167
-1.480573
-0.962341
0.612954
-0.514228
-0.068687
0.214496
0.601332
-0.108077
-1.720284
0.590723
1.005490
-2.328511
-0.891864
-0.244834
-2.075687
-0.069379
0.987433
-2.217545
-0.132762
0.139221
1.131998
-1.715486
1.423332
-0.269369
0.174297
-0.351130
-0.261541
0.098305
-1.199254
-1.106449
-0.054030
0.485516
-0.929684
-0.248997
-1.256241
0.109621
0.334353
0.022599
1.020157
0.417223
-0.320034
1.356667
0.569078
0.391965
-2.321232
-2.147276
-1.021463
-1.229480
0.910974
-0.194236
-0.010171
1.008286
0.963182
-0.732559
-0.298474
-0.578666
2.095395
1.443593
1.960603
-0.707980
-0.092291
1.418693
-0.354046
2.544550
0.449578
-0.006016
0.458058
-0.420768
-0.338832
0.076960
-1.510651
0.024813
0.844242
0.747025
1.281008
-0.387462
-0.141752
-0.722224
-1.411652
-0.398309
1.312022
-1.716336
0.055671
-0.101617
-0.663722
1.131858
-0.814228
-0.323641
1.680712
-0.976298
-0.616926
-0.735886
0.189501
-1.011468
-1.290306
0.846855
-0.176045
0.340431
-0.021294
0.002484
1.426558
-0.570649
0.098999
-0.261924
-0.696484
-1.535250
0.653015
1.534864
0.693347
1.067605
1.611138
0.113785
0.421487
-0.721878
-0.265254
-0.070671
0.750625
0.366391
1.858560
0.026816
-0.273523
0.077791
0.180041
-0.266475
1.018824
0.138432
0.413827
-0.423593
0.624411
2.253912
0.354410
-0.083512
0.164144
-1.482030
0.295781
-0.166025
1.105426
0.404388
-0.293034
1.660309
-1.109644
-0.576571
-1.167474
-0.224440
-0.999702
-0.079606
-0.016095
-0.087310
-0.035111
1.563564
-0.791390
0.337103
-0.654399
0.088623
-0.530183
-0.750328
-0.011618
-1.047486
-2.547368
-0.427658
0.287912
0.438977
1.587419
-0.107015
0.874185
0.617960
-1.243596
-0.158268
0.422280
-0.602135
-0.127373
1.735859
0.592342
-0.413664
1.162664
1.146915
-0.872156
-0.745657
2.157772
-0.960445
1.018811
-0.066863
-0.094508
0.809269
0.817669
1.613633
0.260198
0.460358
2.036735
1.686429
0.641598
1.254572
-0.582563
1.087161
-1.322727
-0.179487
0.876088
-0.370095
0.836442
-0.102631
0.822175
1.017237
1.028204
-1.307232
0.136978
-0.214346
-0.705901
-1.280244
-1.831402
-1.085810
0.607950
-0.505323
1.320645
-1.260731
2.231736
0.064278
0.233365
-0.879744
1.945092
0.892475
-0.942432
0.277908
0.609912
-0.973799
-1.376560
-0.812625
-1.082182
-0.628097
-0.234593
0.217873
-0.221506
1.620652
-0.855759
-1.478159
-0.319076
0.247954
-0.572855
-0.974622
0.082908
-0.725900
2.746324
-0.180670
0.365902
1.046319
1.521802
-0.367411
-0.050549
2.358290
1.495478
0.025851
0.859266
-0.978555
0.665528
1.424046
-0.717257
-0.363849
-0.772920
1.452114
-0.697290
1.459332
-0.891358
-0.304838
0.509393
0.608462
0.124198
0.426130
0.747062
0.425160
1.011662
-2.008275
-0.738645
-0.763179
-1.389610
0.668227
-1.233970
-0.030181
-0.433275
0.645354
1.101336
1.131671
-0.125843
-1.070407
-0.789577
0.297539
0.521866
0.623156
-0.238455
-1.319416
-1.273460
-0.756432
0.150138
-0.170729
-0.160667
2.174155
-0.962586
0.349749
1.427857
2.453079
0.223496
-0.431965
0.705148
0.202617
-0.291647
-0.445943
1.001761
0.096781
0.865640
0.188572
-1.362619
-0.514280
-1.764650
0.004238
-0.495064
1.119631
1.203432
0.386939
0.469207
0.190454
-0.435471
-0.617514
0.685351
1.232398
0.867546
0.546808
-0.817684
-0.706346
-2.224576
1.016784
1.441328
-0.110732
0.601835
0.007622
-1.557469
0.356404
1.016653
-1.779174
0.489617
-1.135523
1.107968
1.093494
-1.106053
-1.209041
-0.563081
-0.793985
0.422301
2.159349
-0.778315
-0.932425
-0.405484
-0.552270
0.566371
0.470573
1.237641
0.026196
-0.114027
0.808621
-0.670822
0.733720
1.104902
2.150957
-0.919227
-0.463177
0.484964
-1.383524
-0.453296
-0.166093
0.373951
-0.361674
-1.670972
-0.432517
0.388926
-0.276130
-1.052241
-0.747703
1.281333
-1.071831
-0.295805
-0.575109
1.235133
1.185777
0.954751
-1.534004
-1.116671
-0.148368
-1.942060
-1.422455
1.257154
-0.376395
0.521975
-0.067477
0.592925
0.094603
0.710772
0.047268
0.454997
1.250781
0.131589
0.013835
-1.019547
-0.188513
1.161676
-0.570472
-1.111542
-0.640049
-0.394925
-2.085436
-1.228922
-0.246649
0.039420
-1.220608
1.075082
-0.457894
-0.092795
-0.027500
-1.074797
-0.676843
0.452263
1.459106
-2.095952
-2.923035
-0.885043
0.513797
-0.373547
0.182390
-1.103118
-0.363440
0.339471
-0.310214
-0.969305
0.117387
1.775759
0.402729
-0.198576
0.625982
0.512774
-1.617777
-1.952750
0.477491
-0.068638
-0.440268
1.520256
-0.451119
0.687361
2.076314
-0.364292
-0.124828
0.301199
2.117811
0.764604
0.587195
-1.321704
-0.895983
-1.831482
0.851631
-0.684769
1.588794
0.754032
-1.251184
-0.327246
1.266059
-0.681209
-0.117932
-1.004608
-1.538458
1.186350
-0.342018
-1.951256
0.473353
0.948673
-1.424099
-0.923732
1.487147
-0.240243
-1.132657
0.342232
0.093051
-0.157017
-1.611369
-0.163451
0.573510
0.438747
-1.167151
-0.015707
0.132834
0.525671
-0.172557
1.119732
0.160491
0.799802
-2.390343
-0.888238
0.022313
-0.309864
0.401187
0.719043
2.215313
-0.692280
0.287973
0.625351
-1.417910
-1.377518
0.029181
0.807385
0.784347
1.334267
-0.185037
-0.754651
0.186303
0.381518
-0.395335
1.406324
-2.361202
-1.019237
-0.605270
-0.257897
-0.201094
-0.402061
-0.550505
0.917651
-0.925880
0.453794
-0.516815
-0.518864
-0.374837
-0.489885
-0.129588
-0.414690
0.959404
0.745846
-2.384098
-0.599345
0.371495
0.436394
-1.475906
-0.429134
-0.198765
-2.237321
0.481867
-0.099259
-0.560013
0.186278
-1.363659
1.296947
-0.420706
-0.028775
-0.286843
1.057778
0.154212
-1.137534
1.111114
1.196991
0.831683
0.371240
0.664782
0.130568
0.347706
-0.277608
0.859012
2.279344
-0.048074
0.643258
1.115037
-0.557788
-1.490020
0.486558
1.686768
-0.139197
-0.367467
0.517057
1.076609
1.704012
0.461126
-0.073379
1.124561
-0.942047
1.153367
-0.505949
-1.797755
-0.667008
-0.267990
-0.888855
1.042195
0.610075
-1.528511
-0.770653
1.068828
0.882411
-2.683552
0.571087
-0.414176
-0.220350
0.670080
-1.765593
-0.515302
-0.358777
0.029452
-0.301458
0.547085
0.505728
0.397496
-1.678872
-0.236666
-1.293493
-1.405942
0.117998
-0.799771
-0.806482
-0.238892
0.777226
1.730249
1.445424
-0.803837
-0.203892
1.152081
0.606207
0.965094
-1.038373
0.463477
-0.246567
0.525791
-0.736577
0.416876
2.487101
-0.505038
-0.246706
-0.154087
0.587282
-0.826093
-1.021741
-0.243154
0.124556
-0.237802
1.735501
-0.152855
0.765048
1.500744
0.624832
0.618805
-0.356494
1.852570
-1.341596
0.337259
0.217888
0.079972
0.753547
0.421738
-0.488631
0.162819
1.424786
-1.363208
0.071196
-0.594606
0.164365
-0.319417
-0.620076
-0.603724
0.213103
-0.488687
-2.190364
-1.258611
-0.416091
0.922058
0.151825
-1.294921
-1.701652
0.023288
1.518118
-0.991168
0.058784
-0.199021
0.979692
-1.263353
1.371829
-0.528897
-0.643307
-0.988439
-1.989177
-0.308327
-0.297108
1.193753
1.877153
-0.790066
0.829583
-0.125264
-1.185049
1.006267
0.286585
1.150259
-0.724979
1.098443
-0.366326
-0.119129
1.697847
0.256351
0.175971
-1.590676
0.609146
-0.886449
-0.438268
-0.049754
0.352372
0.482357
-0.032795
-0.298544
-0.916628
-1.998230
-0.111791
-2.305860
-0.153448
0.033623
0.641371
0.514592
-0.371219
-1.193649
0.348081
0.916317
-1.239901
0.724915
-0.411564
1.317441
-0.716852
0.933367
-1.211376
-1.403031
0.454378
-0.394431
-1.928665
-0.186287
0.105705
0.584651
-0.975315
0.505261
-1.617646
0.401389
0.811222
1.550062
-1.792381
-0.340537
-3.130541
0.119706
0.070433
-0.583893
-0.972780
0.079864
-0.378062
-0.489431
-0.233905
-1.658101
0.146076
0.328666
-0.354102
-0.315399
1.363763
0.201308
0.490599
2.027209
-0.581338
1.086398
-0.152115
1.441370
0.140503
0.838410
-1.570289
-0.095075
-1.021894
-2.267391
1.339631
0.169000
0.870271
0.577934
1.334719
0.668825
0.851000
0.154098
-1.051575
0.688754
-0.480842
0.911999
-1.439565
0.676089
0.137875
-0.686202
1.023314
-0.957319
0.023446
1.643848
0.552349
-0.468323
1.643642
0.906642
-0.387257
0.776388
-0.745333
0.910919
0.423688
0.458839
-0.273730
-1.537026
-0.696239
1.036759
-0.607888
-0.864236
-2.214975
0.326282
-0.759826
0.554467
1.538560
0.534430
-0.664280
-1.088950
1.016771
0.149751
2.406366
-0.050428
0.784567
-0.337214
-1.981785
-1.549784
-0.601898
-0.028387
0.340750
-1.635244
2.053924
0.299639
-0.359644
0.645317
-0.439954
-1.249814
-0.117054
0.569868
1.916844
0.637330
-0.177250
1.428245
0.098041
1.507348
-1.734911
-0.515270
-0.673848
-0.735009
2.098385
-0.016648
0.292424
-0.751953
-0.037649
-0.861605
-0.022901
-0.016944
-1.109169
-0.328025
0.783074
-0.708620
-0.987921
1.544883
0.384706
0.040540
0.697293
-1.340340
1.194488
-0.677875
-0.462217
-0.510336
0.383690
-1.090799
-0.589956
0.205410
-0.231621
1.774462
1.479535
0.368234
2.247791
0.309361
-1.354975
-0.313597
-0.577354
1.872150
2.402678
0.465673
0.348716
0.040067
0.741922
0.911495
-0.208204
-0.853589
-1.203851
0.638519
-0.382432
-0.220867
-1.343312
0.308646
1.443982
1.156940
1.536066
1.165793
-0.232643
1.334693
1.165484
-0.135191
-0.059243
1.320406
-0.779632
-0.415430
-0.435130
2.028383
-0.055850
-0.779382
-0.506183
0.060309
0.472550
0.350992
-1.589677
-0.698417
0.061447
-1.856775
0.623432
-0.794343
0.421424
0.929959
-1.864045
0.083776
0.398441
-0.974735
-1.150277
-0.427299
-1.533509
1.965938
1.115788
1.055926
-0.353006
0.999730
-1.893734
2.172663
2.052447
1.331912
0.369250
-1.138435
0.930169
-0.516528
1.647484
-0.857992
-2.512131
1.149655
0.969458
0.298975
-1.769969
1.051107
1.207375
-0.003830
0.264653
0.633654
0.686004
0.798569
2.198910
1.407550
-0.323737
0.596785
-2.451335
0.504447
0.331916
-2.482962
0.889588
0.727123
0.027078
0.659452
-1.466730
0.625528
1.597668
-1.775136
-2.645494
-0.391840
0.560620
0.062387
-0.059553
-1.065716
0.701879
-0.936416
1.515968
-2.147982
-0.801960
-2.480219
-0.618782
0.306783
0.449563
0.283922
1.337519
-0.329204
-0.118388
0.681160
-0.093765
-0.325188
-0.081867
-0.304141
0.091053
-0.742036
-0.219699
-1.077025
-0.254789
2.150490
-0.232443
-0.636709
1.325641
0.123077
-1.822540
-1.818321
-0.514469
-1.116021
-0.444485
-0.281652
0.922291
-0.637758
-1.643215
0.926566
0.468442
1.592108
-0.553994
-0.634512
0.446660
-0.461234
-2.055602
0.133408
0.519364
-1.940600
-0.374564
0.362142
-2.293211
1.058430
-0.445765
-0.032958
0.698431
-0.346049
1.281255
1.256284
-1.887804
0.671501
-2.791869
-1.519651
-0.912299
-0.076820
1.474561
0.232797
-0.080263
-0.251276
-0.443055
1.734609
0.981359
-0.329577
-0.301032
-0.839276
0.477857
0.635053
-0.491200
0.040898
0.685019
-0.588597
0.312841
1.189494
-0.050808
-1.568040
-0.051826
-0.943621
0.393381
-0.575281
1.845014
0.679753
0.486245
0.003882
0.799524
-0.243179
0.124035
-0.296358
0.948284
0.899343
1.255852
0.054563
-0.446172
-0.023601
0.760368
0.060884
-0.709971
0.354331
-1.938453
0.376938
0.577095
0.249687
-0.687838
-0.369889
1.340693
1.120479
-0.670338
0.682197
0.879925
2.043477
-2.836860
0.704131
1.245308
-1.229356
-0.520038
-0.667090
0.350166
-1.106415
0.219790
-0.928022
0.341078
0.013120
-0.642118
-1.645791
0.035812
0.968828
0.574473
0.222870
-0.297687
0.601529
1.413846
0.027337
0.394597
-0.405386
0.293698
0.288676
0.122222
-0.135886
-1.086635
0.112404
-1.787615
0.811382
0.115419
0.939069
-1.050426
-1.213522
2.715627
0.180696
-0.472482
0.432047
1.529913
0.773585
0.037707
0.617539
0.234151
1.293304
1.097259
-1.098388
0.650929
-0.154121
1.845137
1.098320
0.425073
0.302002
0.359759
-2.668566
2.862325
-1.463085
-1.165552
-0.367551
0.176328
-0.034882
-0.119308
-1.552894
-0.319509
-1.905410
0.588948
-0.149788
-0.928292
0.942520
2.006013
-0.248331
-1.831163
0.334448
-0.798973
-1.711745
1.367262
-0.757949
0.298543
0.037146
-0.175421
-0.726591
1.801860
0.109565
0.103412
0.097251
-0.364838
1.015880
-2.276770
-0.391639
0.385336
1.891231
0.111224
0.202815
1.106195
1.202929
-0.238009
0.695813
0.899640
1.052912
-0.071568
0.471521
0.288026
-1.727951
0.480867
-1.489254
-0.607183
0.326702
3.271352
0.758624
0.309860
1.497758
-1.073709
0.481174
0.936549
-0.305452
-1.135451
-1.119319
-0.853865
-0.028263
1.072417
-0.819520
0.358325
-1.063646
1.129743
1.183922
-0.522593
0.595893
-0.730903
0.384381
-1.037680
0.953719
0.605249
1.022769
-0.553061
0.600761
0.869396
-0.988313
-0.838314
-0.994185
1.162277
-0.454542
-0.666259
-1.534081
0.086774
1.329720
1.501874
-0.042193
-0.536933
0.236818
1.143454
-0.509882
-0.237203
0.778993
-0.773414
0.158061
0.535179
-0.997495
0.310045
0.613297
-1.876164
0.953071
1.954565
-2.339788
-0.720323
-2.060287
0.033800
1.227481
-1.443253
0.649074
2.175377
2.318284
0.250088
2.444915
0.753034
-0.103019
-0.135685
-1.360573
-1.013440
-0.127372
-0.273850
-2.094513
-1.359019
2.176091
-1.349264
-0.154701
0.911202
0.490056
-0.736637
0.754614
-1.128156
-2.392164
-0.483603
-1.085023
-2.042227
-0.229124
0.855053
-1.202739
0.221446
-0.556374
-1.043312
-0.871904
-0.213079
1.684647
0.604598
-1.172759
0.101644
-1.269797
-0.840660
1.548119
-1.140044
0.324190
-0.576555
-0.231112
0.781628
-0.428409
0.839378
-1.969861
0.318457
-1.099987
-0.327209
-1.943254
0.090994
0.511254
-0.382904
0.153871
-0.308239
0.881070
1.457621
0.576661
0.538748
0.473609
1.841999
0.132572
1.140883
0.741994
3.003539
0.015003
1.020035
0.197004
0.348143
-0.929564
2.219445
-1.579601
-0.937843
-0.931460
-0.260758
-0.157910
-0.619366
-1.271373
1.524001
-0.262399
0.473287
0.801673
0.472600
-2.042186
-0.275529
-2.096874
-0.259665
0.109993
1.552325
1.811535
1.261670
1.100932
-1.668228
0.776010
-2.288046
0.029867
0.796809
0.256887
-0.769842
-0.393062
0.683608
0.008099
-0.210352
-0.730156
-1.918479
0.826699
-0.639960
3.729416
-0.246797
0.793508
-1.144979
0.984073
1.818770
0.031927
0.479176
-0.635080
-0.589230
-0.353327
-0.214301
0.348474
0.871972
1.671240
0.892472
1.217602
1.179626
0.008633
-0.536329
-0.771614
0.496804
1.467119
1.256308
-0.142352
0.410939
0.237528
0.863359
-1.327959
-0.300037
-0.047439
-0.857086
-0.427153
0.253693
-0.516602
0.210309
0.092715
-0.922981
-0.999504
-1.630433
0.209889
-0.997864
1.508407
0.951910
0.137693
-0.078461
-1.133375
0.272801
-0.118454
-2.037460
0.599984
-1.475736
0.399547
-0.931021
1.962772
-1.293454
0.997868
1.339618
-1.552531
-0.022689
0.182472
-0.549663
-0.328370
-0.249906
-0.118977
-0.402214
-0.357265
-0.578147
0.016120
-0.704619
-1.000604
-0.824034
0.822925
1.501989
0.756582
1.640814
1.019067
1.368638
0.418703
-1.480954
-2.030574
0.437870
-0.611183
0.473292
0.567041
0.213367
2.629737
0.720520
-0.131998
-0.977034
-0.820590
-1.542041
-1.099189
2.019599
1.914195
-1.209017
-1.496709
-1.184125
-1.201273
1.726415
-1.141382
-0.115545
0.255153
-1.153820
1.370609
0.440382
0.480977
-1.000343
1.072588
-0.659167
-0.276869
1.265673
0.544138
0.225647
1.637882
1.407465
0.260410
0.232478
-0.583896
0.874781
-0.237747
-1.008760
0.746755
-1.496819
0.007203
-0.917669
-0.716207
-1.059566
0.729992
0.841292
-1.002440
-0.024189
3.469164
0.371356
0.374271
2.026428
-0.775192
-1.227721
0.544984
-0.743350
-0.308734
-1.371210
-0.038785
-0.137194
-1.962095
1.030136
0.294987
1.037769
0.637127
0.256251
1.623232
-1.807769
0.537722
0.677333
0.334411
2.441179
0.655413
0.437928
-0.548903
-0.545104
0.659139
0.520299
0.959729
0.965289
1.761653
0.183417
0.422789
0.133104
0.384347
-0.980464
0.764955
0.980578
-0.524179
-1.213892
-0.790756
0.115513
-1.758413
-1.669489
-1.527704
-0.571887
1.176666
0.369299
-0.084704
1.736945
0.266564
-0.728846
1.663844
-0.234242
1.850561
1.364008
0.936307
-0.387974
0.456263
0.419116
0.016277
-0.167860
-0.763008
0.085466
0.048448
-0.066065
0.469182
-0.832364
0.414416
-1.969948
-1.747555
0.623187
0.165272
-0.771820
0.543266
-1.107076
1.628317
0.366942
-0.189393
-0.725728
1.187179
0.012988
1.343702
2.458797
0.295708
0.351559
0.771163
-1.715776
-0.032596
1.491973
1.521883
-0.104726
-1.347977
0.145185
0.189674
1.205692
0.987495
0.121178
0.258539
0.114688
0.486946
-1.016295
-0.316045
0.623159
0.598868
2.007239
0.770987
-0.079550
-1.154890
1.421317
1.254471
0.504719
0.703002
-0.319751
0.758365
0.946091
-0.535030
1.672771
-1.651536
1.417794
-1.268099
-1.864815
-0.171195
-0.664179
-0.271124
0.360732
-1.570151
-0.428276
-1.458951
-0.181710
-0.742517
1.350893
1.472288
0.707984
-0.290176
1.204132
-0.233389
1.849006
1.711196
-1.090817
1.408790
3.190506
-0.377405
-0.485471
-0.913363
-0.743604
1.931346
2.329511
-0.084886
-0.645972
-1.379805
-0.325599
0.795805
0.220669
-0.350174
-0.395673
-0.481711
0.089322
-0.689749
2.353985
0.465445
1.201272
-1.173017
-1.729615
-0.120323
0.930781
0.978293
0.435467
0.243848
-0.962674
-0.271588
0.626313
1.449168
0.550951
-2.058345
0.469701
-0.084064
-1.505976
-1.454942
1.084891
-0.090074
0.400937
0.577365
-1.440308
-0.144557
0.436451
0.063511
-0.985584
0.070287
-0.543196
1.594047
-0.921659
-1.136370
-0.921192
2.160456
-1.021192
-0.823658
0.117834
0.211923
-0.791299
-0.220477
-0.685967
0.058545
-0.109229
0.191302
1.167137
1.002164
-0.507392
-0.769237
0.362042
1.476369
-1.509810
-3.138244
0.018376
-0.603572
-0.469775
0.307651
0.919335
1.207279
0.838526
0.881270
-1.052852
-0.013058
0.532185
-1.016804
0.269845
-1.670722
1.045283
1.104789
0.882815
1.076283
-1.439674
-0.995099
1.535244
1.602913
0.684818
0.627972
-0.823404
0.749356
0.039734
1.553416
1.130112
0.674920
-0.236575
-1.973753
-0.259530
1.107189
-0.363745
-0.784556
-0.236142
0.169391
-0.690586
-1.610458
-0.915754
1.729068
1.502659
-0.832071
-0.594559
-0.707294
-0.210291
0.529402
0.776793
-0.785332
-1.021852
-0.074036
-0.343062
1.115649
0.179591
-0.845330
-0.451772
-0.506236
1.334577
0.181482
0.994282
-0.302832
0.242289
-1.770391
0.782049
1.862389
0.833624
-0.491219
0.070568
0.311555
-0.096796
-0.717797
-0.744639
0.333670
0.709047
-0.492441
