0.184126
0.088311
0.515128
0.713559
0.342703
0.420096
0.974852
0.900964
0.599323
0.791862
0.130900
0.373390
0.254449
0.405819
0.099959
0.263088
0.067940
0.467635
0.245751
0.894891
0.133344
0.901374
0.651700
0.962905
0.541003
0.725704
0.722168
0.599262
0.415569
0.114218
0.064598
0.710586
0.771286
0.748850
0.698298
0.979394
0.595831
0.585348
0.826711
0.113869
0.827354
0.350302
0.958316
0.273375
0.184549
0.762426
0.829614
0.732657
0.729106
0.664598
0.087615
0.299139
0.244865
0.530984
0.947996
0.430301
0.997686
0.504561
0.430576
0.467289
0.761840
0.569223
0.361213
0.603140
0.558159
0.277708
0.146936
0.726021
0.819789
0.767893
0.610638
0.847418
0.485078
0.497073
0.597399
0.560264
0.193648
0.113967
0.024267
0.631465
0.539110
0.344194
0.879931
0.066533
0.496363
0.375289
0.934060
0.581100
0.307114
0.446198
0.585233
0.555694
0.466669
0.643124
0.061641
0.057474
0.028602
0.014206
0.743242
0.097717
0.330293
0.290495
0.554444
0.809120
0.868243
0.756923
0.492060
0.915679
0.422468
0.186423
0.417094
0.613786
0.477106
0.531095
0.216521
0.560697
0.420783
0.069669
0.501739
0.990617
0.174564
0.519662
0.775707
0.355114
0.604788
0.830302
0.796269
0.259607
0.978328
0.838730
0.967016
0.678195
0.532404
0.073383
0.480775
0.452719
0.011798
0.866144
0.558963
0.286738
0.403049
0.746300
0.110319
0.839898
0.525951
0.257246
0.065733
0.012442
0.163560
0.799740
0.326025
0.123232
0.887242
0.567548
0.933541
0.858510
0.105342
0.822048
0.696688
0.673798
0.403489
0.637362
0.962206
0.729892
0.299825
0.337652
0.649550
0.538279
0.786481
0.410052
0.594907
0.774753
0.724187
0.992510
0.961592
0.326217
0.383053
0.653437
0.174893
0.589132
0.340438
0.162964
0.951635
0.503818
0.045637
0.132931
0.390016
0.342449
0.708334
0.619149
0.338713
0.066501
0.658783
0.145413
0.904256
0.218416
0.936238
0.750067
0.713683
0.039933
0.889941
0.964380
0.609983
0.434094
0.903902
0.514651
0.708657
0.768076
0.690751
0.669801
0.025530
0.499206
0.727316
0.721652
0.242865
0.486807
0.439406
0.040208
0.109710
0.308540
0.378113
0.460875
0.673688
0.252976
0.385102
0.669873
0.168226
0.122144
0.218669
0.509277
0.288080
0.901284
0.232386
0.240566
0.586521
0.481197
0.968935
0.317694
0.332292
0.335167
0.286219
0.925208
0.839395
0.631855
0.282134
0.747384
0.696740
0.122923
0.567793
0.229849
0.599821
0.085030
0.673883
0.070362
0.448073
0.066561
0.706699
0.190753
0.797691
0.526980
0.022886
0.873435
0.631924
0.138460
0.216767
0.734958
0.163808
0.413741
0.241279
0.413082
0.157542
0.939642
0.970907
0.185561
0.135248
0.231860
0.998782
0.656825
0.119428
0.623566
0.304570
0.347045
0.995288
0.588548
0.577251
0.716421
0.611311
0.050594
0.197903
0.341343
0.774427
0.006267
0.030825
0.629217
0.944235
0.790832
0.413488
0.381920
0.748595
0.539971
0.831739
0.476230
0.193225
0.476858
0.299514
0.971014
0.336437
0.109585
0.093043
0.638961
0.165948
0.922858
0.207522
0.584271
0.819682
0.746015
0.276805
0.591733
0.211976
0.372996
0.119345
0.767373
0.588879
0.785861
0.020049
0.002260
0.772712
0.219383
0.129653
0.710843
0.551380
0.418185
0.340523
0.070429
0.209717
0.538796
0.888488
0.792079
0.929249
0.886119
0.020572
0.973725
0.243151
0.837336
0.972455
0.277752
0.921883
0.076705
0.409719
0.007467
0.282206
0.463507
0.423735
0.365080
0.611403
0.194350
0.235240
0.508993
0.035864
0.252732
0.372843
0.007066
0.048476
0.706374
0.264866
0.937164
0.055029
0.100118
0.744060
0.514649
0.672052
0.773584
0.826897
0.542041
0.275992
0.323311
0.531736
0.757834
0.088539
0.934459
0.260391
0.904292
0.210410
0.873583
0.031155
0.898184
0.764293
0.898443
0.341722
0.249883
0.158413
0.680823
0.709418
0.976699
0.369861
0.922015
0.613687
0.852831
0.709156
0.676897
0.109808
0.353927
0.355212
0.390596
0.329460
0.027271
0.837069
0.331878
0.297368
0.953264
0.832300
0.910065
0.416116
0.179802
0.102262
0.858941
0.873892
0.493765
0.994597
0.423505
0.461011
0.144087
0.819981
0.596255
0.517359
0.415360
0.112804
0.612024
0.229270
0.551868
0.576709
0.457987
0.333757
0.997256
0.611788
0.112879
0.631686
0.308065
0.139458
0.761582
0.048589
0.249375
0.855843
0.893786
0.379786
0.332344
0.629978
0.184772
0.210799
0.517051
0.047697
0.459248
0.788399
0.605504
0.817061
0.083288
0.133637
0.380805
0.081274
0.432869
0.315985
0.216280
0.517830
0.909063
0.254999
0.355860
0.279019
0.459039
0.469078
0.542625
0.392820
0.008743
0.964015
0.100174
0.691669
0.298045
0.639623
0.921257
0.869864
0.653597
0.711188
0.325113
0.041689
0.450590
0.292573
0.160238
0.538266
0.754485
0.396113
0.369481
0.451139
0.640830
0.676034
0.031583
0.117391
0.349312
0.609857
0.445490
0.810583
0.011491
0.887353
0.444364
0.022790
0.615435
0.298299
0.894343
0.017689
0.940272
0.695943
0.343509
0.628159
0.855788
0.808253
0.399458
0.342530
0.973656
0.997259
0.505469
0.552862
0.635026
0.079969
0.996969
0.861130
0.492421
0.152233
0.309149
0.692463
0.000776
0.957575
0.895977
0.239638
0.372548
0.752604
0.248982
0.253653
0.515123
0.203329
0.575141
0.148582
0.085899
0.544951
0.426748
0.755149
0.642747
0.822028
0.357540
0.239976
0.396943
0.344900
0.509725
0.812578
0.894670
0.728673
0.682345
0.929600
0.054969
0.777821
0.674955
0.538082
0.010357
0.625534
0.589688
0.192650
0.655658
0.593490
0.872942
0.554296
0.375951
0.193963
0.514214
0.202948
0.151518
0.119566
0.338758
0.947566
0.822730
0.351868
0.343168
0.924292
0.327638
0.142366
0.654562
0.966703
0.927376
0.379472
0.836441
0.697061
0.927348
0.133300
0.824742
0.911284
0.944477
0.174009
0.928890
0.453999
0.011807
0.275464
0.763357
0.447440
0.541698
0.758282
0.139311
0.446224
0.568194
0.187282
0.313315
0.539267
0.579341
0.438476
0.295826
0.263755
0.343099
0.588696
0.417657
0.290459
0.278577
0.683417
0.054016
0.494494
0.370866
0.410313
0.345576
0.253428
0.256395
0.880451
0.232025
0.581363
0.691067
0.007029
0.939274
0.182160
0.070376
0.612385
0.815906
0.309400
0.304929
0.205053
0.692458
0.780199
0.112673
0.995443
0.598893
0.882925
0.507480
0.884866
0.097292
0.726658
0.920118
0.919923
0.809830
0.737455
0.350314
0.682545
0.103823
0.150795
0.226175
0.743300
0.758883
0.071888
0.139310
0.178024
0.724377
0.769679
0.370494
0.099711
0.482727
0.583504
0.552289
0.631217
0.785159
0.103637
0.003108
0.010331
0.606777
0.041707
0.173524
0.925594
0.578264
0.540642
0.372840
0.405853
0.158624
0.145948
0.985167
0.883661
0.699522
0.533472
0.873317
0.505333
0.864686
0.579136
0.630075
0.529944
0.671085
0.882447
0.934976
0.234892
0.541190
0.289870
0.066186
0.194445
0.042404
0.881710
0.797772
0.015290
0.550951
0.815192
0.569508
0.573176
0.539182
0.088498
0.176828
0.799142
0.939013
0.890089
0.910943
0.992270
0.487165
0.612518
0.342042
0.196542
0.783079
0.680818
0.931586
0.158288
0.176066
0.116502
0.672731
0.892137
0.498742
0.726191
0.671810
0.619723
0.048681
0.169204
0.319652
0.327192
0.324892
0.074277
0.671339
0.013348
0.601186
0.198562
0.209313
0.796943
0.981274
0.161546
0.050717
0.923928
0.662891
0.055409
0.259231
0.696539
0.538024
0.697306
0.508939
0.846942
0.287148
0.117110
0.337886
0.638152
0.866107
0.188354
0.427727
0.311368
0.829865
0.935653
0.199361
0.557312
0.647936
0.767067
0.859818
0.693187
0.918059
0.666198
0.350228
0.728311
0.819053
0.670760
0.296795
0.630162
0.918078
0.899762
0.565022
0.816498
0.484603
0.060922
0.761427
0.234590
0.201640
0.067686
0.556673
0.709583
0.808438
0.868047
0.950126
0.493073
0.977524
0.285700
0.129562
0.890530
0.108027
0.001061
0.863046
0.341032
0.707759
0.361861
0.995422
0.541417
0.404966
0.569955
0.602537
0.904535
0.159345
0.705347
0.316064
0.400628
0.978727
0.736019
0.795042
0.313158
0.956064
0.042001
0.951966
0.635000
0.050381
0.426159
0.397223
0.304981
0.089618
0.167749
0.342054
0.634068
0.583381
0.426113
0.484000
0.568453
0.225343
0.452443
0.917534
0.685291
0.330113
0.301918
0.984344
0.395738
0.794959
0.444374
0.961425
0.947168
0.675748
0.189829
0.230113
0.758290
0.807288
0.719661
0.865484
0.001400
0.535035
0.741955
0.613827
0.357795
0.027610
0.070897
0.807505
0.535759
0.543055
0.418185
0.613254
0.554232
0.677309
0.235897
0.974515
0.386099
0.047503
0.874568
0.933799
0.327708
0.087649
0.630064
0.591160
0.248931
0.957982
0.414109
0.544118
0.591853
0.805061
0.964877
0.177644
0.865254
0.336832
0.338031
0.936053
0.243918
0.489988
0.210141
0.657850
0.371844
0.726418
0.563866
0.026865
0.310390
0.577335
0.089141
0.165815
0.817948
0.599370
0.061301
0.739957
0.426790
0.073824
0.183501
0.657532
0.553359
0.991135
0.497550
0.449640
0.676473
0.055968
0.768512
0.725075
0.308079
0.328308
0.981057
0.156200
0.505619
0.402179
0.699871
0.331336
0.304304
0.701535
0.945689
0.469408
0.030241
0.043435
0.029250
0.536216
0.668225
0.348411
0.027125
0.221804
0.555918
0.549204
0.538765
0.668889
0.742125
0.909637
0.248984
0.807483
0.542107
0.178775
0.053407
0.815779
0.636538
0.100793
0.958292
0.147781
0.560238
0.622888
0.215648
0.940232
0.507723
0.802448
0.728216
0.522173
0.018470
0.536508
0.387923
0.427337
0.597467
0.212924
0.880564
0.370863
0.555833
0.620848
0.486347
0.356198
0.030256
0.630881
0.371359
0.574946
0.044639
0.451194
0.842993
0.341960
0.727079
0.639000
0.529886
0.650706
0.082418
0.466827
0.644253
0.361191
0.565676
0.945374
0.544912
0.756514
0.703258
0.540304
0.099233
0.576774
0.093762
0.905849
0.651355
0.403959
0.793332
0.325594
0.254841
0.812240
0.684796
0.798368
0.686505
0.289253
0.356515
0.148043
0.293181
0.990502
0.015099
0.249521
0.056966
0.716631
0.343367
0.543860
0.222029
0.548268
0.136658
0.823800
0.185794
0.672358
0.230418
0.682793
0.100659
0.564919
0.221679
0.677720
0.193916
0.726139
0.916548
0.814906
0.330928
0.103451
0.262992
0.353762
0.910677
0.586138
0.789402
0.570823
0.087533
0.051105
0.628643
0.243235
0.305495
0.314454
0.007155
0.414549
0.661493
0.568596
0.389537
0.982491
0.085871
0.921866
0.139581
0.798937
0.347397
0.109416
0.765733
0.063523
0.516604
0.303752
0.317258
0.606122
0.517626
0.854430
0.870017
0.237842
0.480875
0.253582
0.948884
0.268692
0.695717
0.322075
0.166631
0.871612
0.425920
0.595970
0.884042
0.562110
0.766239
0.860716
0.708541
0.270398
0.114352
0.318254
0.622402
0.434872
0.939959
0.707285
0.268376
0.133457
0.036749
0.947680
0.800227
0.400112
0.730834
0.305095
0.936220
0.720375
0.931956
0.320717
0.721185
0.950848
0.995242
0.613777
0.621620
0.016935
0.108595
0.321683
0.140831
0.180773
0.034113
0.215565
0.167774
0.172480
0.164647
0.129771
0.862801
0.293496
0.865041
0.124698
0.462530
0.747604
0.261471
0.006729
0.959584
0.965346
0.034153
0.340501
0.013912
0.858879
0.324515
0.681876
0.591925
0.590324
0.756471
0.349737
0.947094
0.136416
0.414992
0.946775
0.468261
0.280548
0.748682
0.980121
0.275269
0.520424
0.045144
0.158825
0.959235
0.121463
0.849686
0.234412
0.598634
0.314504
0.394275
0.971177
0.762221
0.588357
0.411985
0.993310
0.093680
0.586305
0.223558
0.755806
0.796911
0.219182
0.490922
0.765403
0.769285
0.960231
0.784684
0.867231
0.705425
0.608402
0.058968
0.983701
0.486567
0.082277
0.170766
0.106277
0.929001
0.537579
0.828717
0.700857
0.166240
0.553638
0.367437
0.486471
0.838232
0.590623
0.780917
0.918922
0.940231
0.927619
0.727949
0.680032
0.804951
0.915113
0.162842
0.204561
0.743531
0.443451
0.718123
0.326117
0.421224
0.885832
0.547477
0.686919
0.987824
0.530982
0.555313
0.720886
0.294568
0.302613
0.525460
0.012884
0.510131
0.761813
0.800155
0.277094
0.978380
0.411847
0.739388
0.343256
0.947773
0.845288
0.050642
0.540379
0.632706
0.479451
0.264071
0.013412
0.055158
0.471881
0.635182
0.480020
0.952845
0.862854
0.786502
0.053299
0.248460
0.291821
0.604583
0.233902
0.751947
0.530504
0.645741
0.364163
0.840966
0.083460
0.382501
0.480571
0.338596
0.759646
0.555628
0.983193
0.014918
0.213684
0.149691
0.135654
0.491571
0.306585
0.752180
0.532300
0.564896
0.821814
0.409494
0.125635
0.401281
0.688398
0.382710
0.643540
0.843331
0.768764
0.210273
0.578835
0.421083
0.340984
0.185169
0.881244
0.140471
0.284832
0.185133
0.891647
0.851506
0.325645
0.893894
0.439673
0.939128
0.422375
0.910046
0.777481
0.266587
0.944783
0.351894
0.685096
0.098826
0.873679
0.078562
0.586524
0.083869
0.097099
0.010007
0.432446
0.044433
0.449721
0.644664
0.896356
0.178286
0.453600
0.349698
0.699269
0.461142
0.532111
0.394811
0.616609
0.344994
0.567981
0.778970
0.563445
0.830680
0.108343
0.376122
0.625288
0.327386
0.848415
0.719796
0.666243
0.382864
0.579601
0.229656
0.260012
0.943875
0.912508
0.930691
0.848506
0.682140
0.390709
0.756087
0.824376
0.570690
0.223144
0.589473
0.385343
0.120500
0.673423
0.975670
0.637775
0.867792
0.060207
0.298960
0.293481
0.046174
0.517094
0.535165
0.056460
0.171163
0.821594
0.972310
0.225454
0.121764
0.184871
0.561485
0.324254
0.417093
0.366698
0.504879
0.536127
0.775971
0.578916
0.965167
0.073268
0.812742
0.616493
0.245952
0.209564
0.289857
0.524752
0.756298
0.788130
0.722106
0.906609
0.546359
0.468040
0.141562
0.992678
0.151376
0.571641
0.397684
0.653211
0.076968
0.050065
0.722662
0.203314
0.121661
0.105452
0.255489
0.736283
0.188218
0.340535
0.434889
0.674674
0.561855
0.786249
0.364724
0.630853
0.312316
0.763697
0.477631
0.659771
0.442575
0.636123
0.703269
0.723924
0.297403
0.108387
0.344712
0.096618
0.150841
0.735193
0.516324
0.443381
0.606958
0.745048
0.163152
0.146571
0.719930
0.605228
0.807873
0.794842
0.517878
0.015320
0.527132
0.632343
0.803231
0.184918
0.593307
0.653403
0.807152
0.427523
0.407176
0.203573
0.056309
0.780620
0.046426
0.689465
0.929703
0.675175
0.047511
0.855743
0.057221
0.650814
0.085136
0.121302
0.358950
0.910678
0.503882
0.507282
0.017199
0.688157
0.257593
0.581747
0.586828
0.152643
0.619575
0.700093
0.312098
0.999951
0.014137
0.262357
0.261430
0.182830
0.789160
0.130304
0.299640
0.056013
0.580252
0.155658
0.078158
0.797479
0.817482
0.638926
0.978241
0.472311
0.681945
0.654508
0.334208
0.817854
0.545698
0.496175
0.790330
0.429451
0.317275
0.987396
0.506386
0.836101
0.686622
0.298600
0.276352
0.186955
0.616444
0.969424
0.818743
0.275063
0.488457
0.564714
0.345237
0.147482
0.587702
0.330975
0.529155
0.974484
0.428952
0.162732
0.642945
0.449525
0.207489
0.449535
0.582979
0.181083
0.131303
0.033069
0.872729
0.122803
0.880584
0.654860
0.357060
0.516243
0.088629
0.278642
0.949134
0.427470
0.769696
0.403674
0.448847
0.222634
0.585588
0.587602
0.552270
0.116423
0.873786
0.527284
0.853039
0.749834
0.413734
0.125968
0.989743
0.009424
0.020572
0.443995
0.412166
0.529111
0.591459
0.491771
0.270703
0.448389
0.131018
0.697928
0.127662
0.608748
0.319861
0.057608
0.949767
0.915133
0.212273
0.436817
0.774468
0.673886
0.832675
0.045174
0.608159
0.336015
0.540385
0.473596
0.274876
0.858636
0.631355
0.973144
0.805234
0.372336
0.405264
0.390053
0.456282
0.673221
0.835713
0.698892
0.955611
0.301018
0.607736
0.735562
0.142709
0.315250
0.025980
0.134905
0.865467
0.927003
0.622177
0.749881
0.011402
0.611714
0.003942
0.862310
0.596118
0.336965
0.968089
0.196227
0.283491
0.847116
0.358801
0.286831
0.913814
0.203352
0.870123
0.829310
0.111683
0.773176
0.587658
0.686558
0.831784
0.778449
0.728417
0.742758
0.478102
0.166836
0.791057
0.486279
0.653842
0.680030
0.269773
0.341301
0.521883
0.405840
0.640739
0.359728
0.488463
0.063387
0.505073
0.965356
0.478789
0.664940
0.399806
0.308942
0.418059
0.798879
0.779452
0.259094
0.834086
0.500827
0.264726
0.699034
0.380239
0.829855
0.269144
0.217811
0.865086
0.790180
0.194129
0.337036
0.346168
0.972691
0.252560
0.476409
0.481245
0.212747
0.691096
0.075060
0.565717
0.038858
0.363000
0.808002
0.157356
0.730180
0.713665
0.090899
0.489898
0.308350
0.816584
0.990157
0.799364
0.801372
0.002508
0.953255
0.478160
0.064452
0.301332
0.165992
0.582496
0.396347
0.635273
0.814175
0.551448
0.111778
0.811976
0.578338
0.157858
0.223266
0.543815
0.587838
0.261485
0.942614
0.219957
0.087392
0.136340
0.966946
0.063579
0.772723
0.212558
0.491087
0.779204
0.195774
0.427624
0.752277
0.323609
0.653257
0.894175
0.220274
0.085670
0.399622
0.837276
0.492250
0.431220
0.977422
0.261255
0.624340
0.232227
0.560326
0.306346
0.257824
0.957088
0.848376
0.933115
0.095910
0.030422
0.648752
0.315621
0.315669
0.184532
0.491020
0.973298
0.508330
0.206698
0.652261
0.270572
0.019844
0.951030
0.758521
0.959401
0.793114
0.423111
0.654562
0.133287
0.314763
0.680498
0.729176
0.455349
0.254788
0.821160
0.099426
0.174090
0.209346
0.381645
0.510570
0.058140
0.358536
0.542263
0.031489
0.478252
0.216044
0.970703
0.415878
0.906917
0.250413
0.339532
0.670878
0.762145
0.413446
0.266092
0.006219
0.914281
0.325613
0.962884
0.023103
0.128393
0.487486
0.398107
0.103353
0.008082
0.747149
0.473153
0.351629
0.621006
0.833810
0.178442
0.768594
0.356502
0.935487
0.020768
0.247789
0.829186
0.562623
0.182400
0.416669
0.890053
0.699096
0.910668
0.721163
0.332440
0.037407
0.910874
0.687365
0.431193
0.856516
0.967538
0.203265
0.479827
0.400174
0.419721
0.433145
0.395581
0.912479
0.314047
0.608384
0.852609
0.388463
0.230868
0.197508
0.338555
0.593792
0.679703
0.627619
0.772286
0.633070
0.172535
0.856757
0.586253
0.825063
0.269004
0.245649
0.384917
0.540551
0.035199
0.676882
0.812851
0.030069
0.035017
0.064500
0.177841
0.810817
0.575428
0.897678
0.703715
0.481437
0.928104
0.394534
0.266359
0.617691
0.451492
0.097773
0.778850
0.789496
0.319408
0.230132
0.425613
0.489073
0.132626
0.017113
0.041831
0.520563
0.334849
0.166006
0.636878
0.963396
0.688139
0.217561
0.366474
0.365587
0.277773
0.029803
0.867636
0.170376
0.632997
0.947586
0.436837
0.242003
0.666998
0.507646
0.911283
0.586546
0.683338
0.843666
0.615702
0.204801
0.671916
0.321482
0.374997
0.349904
0.358330
0.648835
0.332501
0.067220
0.887433
0.580576
0.323241
0.683011
0.854060
0.957935
0.453747
0.187170
0.458900
0.774229
0.659572
0.170181
0.510674
0.109476
0.627319
0.962370
0.540833
0.498762
0.060886
0.861928
0.495695
0.735610
0.776539
0.195360
0.953111
0.419045
0.165890
0.438647
0.034505
0.154575
0.760801
0.638987
0.684441
0.153324
0.763578
0.955525
0.633193
0.744060
0.716560
0.713578
0.585305
0.739819
0.927661
0.011976
0.259517
0.669315
0.745851
0.598971
0.191204
0.094544
0.399332
0.541424
0.374449
0.856403
0.429031
0.647733
0.121913
0.402042
0.033494
0.801071
0.039809
0.898874
0.104289
0.340270
0.913581
0.694187
0.792454
0.556295
0.066737
0.665199
0.978526
0.808258
0.457911
0.966923
0.596340
0.900627
0.315255
0.734713
0.912540
0.289685
0.446273
0.060831
0.320920
0.629804
0.806958
0.431356
0.157998
0.746992
0.346495
0.188577
0.371184
0.597170
0.270829
0.147397
0.414524
0.279192
0.476187
0.430833
0.553026
0.017730
0.106495
0.853410
0.322284
0.889536
0.678889
0.741941
0.415530
0.259487
0.519682
0.176119
0.908776
0.632180
0.957890
0.007602
0.842830
0.263175
0.761449
0.192338
0.568103
0.154489
0.177528
0.479069
0.437196
0.365347
0.985734
0.135086
0.866829
0.176029
0.602848
0.471830
0.153940
0.964771
0.229040
0.537048
0.842580
0.500958
0.615921
0.561463
0.723964
0.168413
0.411579
0.946915
0.489888
0.747422
0.420734
0.635343
0.631155
0.280784
0.060954
0.245725
0.812328
0.095774
0.928466
0.066103
0.799605
0.759267
0.667469
0.763204
0.160833
0.006794
0.301070
0.961216
0.689504
0.048026
0.194414
0.848164
0.575129
0.041787
0.823497
0.912818
0.200813
0.524439
0.287171
0.282424
0.498573
0.628340
0.873500
0.922824
0.640215
0.644484
0.151767
0.944261
0.546223
0.858676
0.762854
0.210675
0.019587
0.257356
0.906473
0.425300
0.971795
0.181973
0.134971
0.424473
0.123137
0.974563
0.449352
0.883819
0.101262
0.157661
0.421241
0.371024
0.105580
0.425110
0.530115
0.277823
0.279118
0.273643
0.582098
0.756276
0.865151
0.205857
0.766445
0.262815
0.807943
0.201533
0.988670
0.584858
0.072956
0.344962
0.802935
0.462069
0.952713
0.760430
0.837004
0.805917
0.534106
0.136357
0.675049
0.521296
0.328354
0.291405
0.929264
0.512157
0.506281
0.274471
0.711013
0.344956
0.892390
0.106800
0.004901
0.499982
0.707798
0.320987
0.981328
0.178053
0.324069
0.171586
0.059698
0.280857
0.009982
0.669173
0.388574
0.745124
0.787206
0.198456
0.251715
0.697484
0.227542
0.336396
0.979445
0.487227
0.946025
0.893996
0.060562
0.143109
0.995904
0.111705
0.956466
0.048064
0.631616
0.180166
0.340013
0.008268
0.455845
0.812894
0.168600
0.552015
0.741199
0.833519
0.783933
0.386483
0.353497
0.666283
0.567954
0.889676
0.793188
0.133984
0.111531
0.258927
0.207737
0.112445
0.234050
0.180617
0.058134
0.795693
0.970427
0.347768
0.397158
0.662439
0.087652
0.818407
0.338943
0.664276
0.154574
0.578905
0.375269
0.781626
0.342876
0.019593
0.283332
0.408169
0.239018
0.627031
0.735276
0.161927
0.079333
0.596112
0.577312
0.705948
0.144575
0.329423
0.514723
0.158456
0.055300
0.749781
0.490549
0.237311
0.462906
0.849591
0.955488
0.612699
0.028439
0.047810
0.022777
0.122285
0.596092
0.347911
0.916057
0.761998
0.402319
0.379924
0.335027
0.321378
0.894710
0.573558
0.270701
0.443861
0.975036
0.620488
0.240204
0.908813
0.014519
0.230574
0.924128
0.343647
0.930439
0.923185
0.274691
0.061661
0.654277
0.190597
0.520387
0.605517
0.983025
0.061098
0.275905
0.069575
0.685809
0.625768
0.531205
0.729001
0.764294
0.991678
0.450343
0.663012
0.442376
0.917576
0.171707
0.307402
0.121367
0.873923
0.632473
0.482250
0.592465
0.760832
0.510324
0.829232
0.987934
0.094194
0.806877
0.565144
0.593568
0.226751
0.214976
0.460210
0.883116
0.467447
0.994395
0.318503
0.194102
0.675038
0.609000
0.450855
0.895549
0.672264
0.287566
0.556131
0.831527
0.312143
0.098010
0.573530
0.218045
0.150903
0.161506
0.835974
0.060854
0.881312
0.572840
0.782803
0.912427
0.159723
0.183425
0.509498
0.340100
0.439768
0.093879
0.114295
0.604628
0.390642
0.897284
0.608324
0.597903
0.429384
0.018580
0.689722
0.236924
0.600932
0.969708
0.936316
0.013376
0.279369
0.746612
0.579636
0.837180
0.986489
0.649043
0.509731
0.349415
0.593024
0.426074
0.190376
0.504211
0.612801
0.211550
0.793704
0.998063
0.565316
0.289365
0.788076
0.453924
0.078234
0.347039
0.020252
0.620166
0.654010
0.768783
0.750083
0.022605
0.725792
0.370797
0.241151
0.891430
0.684319
0.179595
0.142935
0.981770
0.142427
0.739528
0.668450
0.403135
0.505508
0.552272
0.266087
0.383240
0.389033
0.596046
0.286051
0.208125
0.037624
0.145779
0.871882
0.423585
0.389612
0.970806
0.677695
0.851352
0.047489
0.280268
0.874758
0.493887
0.174725
0.827940
0.509869
0.979115
0.275329
0.390187
0.496527
0.663739
0.222177
0.359254
0.132546
0.782269
0.596871
0.617796
0.959548
0.337671
0.966973
0.801735
0.316347
0.596069
0.750501
0.842259
0.035956
0.717705
0.662971
0.582437
0.231626
0.952954
0.785012
0.770925
0.988591
0.007493
0.170217
0.779174
0.393140
0.264428
0.790725
0.607115
0.698125
0.001497
0.914832
0.726272
0.443379
0.094373
0.665236
0.852670
0.060860
0.816934
0.222406
0.091711
0.328302
0.678468
0.634760
0.003719
0.063010
0.046723
0.461200
0.905299
0.631132
0.943049
0.003033
0.254558
0.289790
0.538404
0.948083
0.827093
0.573028
0.781625
0.131950
0.837239
0.011429
0.337040
0.367956
0.411098
0.463869
0.758377
0.971593
0.293410
0.403274
0.069341
0.536527
0.241359
0.192051
0.725377
0.552045
0.800131
0.903429
0.191785
0.696660
0.595864
0.679102
0.063881
0.725332
0.652858
0.188922
0.077230
0.180112
0.728259
0.093101
0.389938
0.103096
0.146469
0.760162
0.872574
0.189322
0.948190
0.014274
0.600683
0.574061
0.389133
0.663521
0.424217
0.658039
0.428154
0.676844
0.080077
0.005069
0.034075
0.453134
0.338637
0.634885
0.068078
0.873080
0.731479
0.730469
0.520654
0.095564
0.422115
0.400604
0.808394
0.098691
0.259320
0.216844
0.178953
0.154760
0.326678
0.577558
0.498210
0.043115
0.783294
0.853550
0.470948
0.259789
0.218567
0.819144
0.797245
0.583892
0.435830
0.164253
0.716577
0.554100
0.681047
0.277172
0.618518
0.031270
0.067300
0.860658
0.884439
0.552611
0.865162
0.936828
0.303353
0.487320
0.563231
0.066807
0.414561
0.591718
0.109989
0.081698
0.061070
0.833260
0.563979
0.730832
0.584626
0.847360
0.868272
0.605450
0.202818
0.039358
0.569679
0.710777
0.631228
0.717533
0.793764
0.622095
0.352322
0.203705
0.511911
0.272041
0.694189
0.218240
0.273401
0.843372
0.125876
0.969275
0.878441
0.766280
0.664640
0.925597
0.520423
0.489643
0.739751
0.743169
0.388469
0.075024
0.186555
0.911899
0.583822
0.079781
0.625241
0.447523
0.033272
0.996031
0.386579
0.069698
0.275000
0.305910
0.409907
0.368558
0.020698
0.126366
0.388452
0.195531
0.064283
0.340411
0.558128
0.038342
0.791877
0.953404
0.306053
0.213679
0.457932
0.345521
0.554916
0.983289
0.814674
0.803467
0.202978
0.960407
0.230572
0.659891
0.763991
0.604089
0.300723
0.017481
0.456822
0.020410
0.158453
0.121873
0.994463
0.413628
0.341601
0.224076
0.072729
0.209744
0.575704
0.255871
0.370011
0.352694
0.214498
0.862722
0.753501
0.433285
0.158782
0.595962
0.310290
0.927611
0.768947
0.173018
0.952502
0.809823
0.833535
0.250087
0.306357
0.469650
0.873495
0.710930
0.710755
0.154177
0.594850
0.918470
0.700231
0.902961
0.874892
0.078803
0.811123
0.133251
0.330562
0.971511
0.863263
0.025942
0.902193
0.963153
0.670125
0.671745
0.449371
0.865275
0.008832
0.460377
0.634368
0.762746
0.431901
0.473286
0.226705
0.126760
0.371935
0.103320
0.842327
0.059193
0.929019
0.843999
0.303032
0.376538
0.641564
0.128647
0.614976
0.933268
0.531282
0.358123
0.695847
0.372899
0.341341
0.328333
0.683723
0.662367
0.416386
0.289030
0.019575
0.859525
0.319686
0.857947
0.671061
0.648036
0.465191
0.144051
0.346909
0.077815
0.632893
0.256508
0.406180
0.517180
0.809624
0.087823
0.290566
0.165311
0.882765
0.947762
0.674224
0.216585
0.042620
0.516381
0.436257
0.303302
0.505074
0.298109
0.895684
0.577570
0.237232
0.553033
0.215623
0.399533
0.595906
0.705823
0.268549
0.266097
0.215990
0.777065
0.672194
0.296018
0.610022
0.126856
0.848223
0.253375
0.961756
0.067659
0.343884
0.977352
0.668707
0.904466
0.888840
0.942974
0.667809
0.047892
0.662352
0.021481
0.274113
0.763026
0.524507
0.872687
0.687545
0.247508
0.852506
0.582761
0.942974
0.350827
0.530129
0.472877
0.563162
0.768193
0.304740
0.526238
0.644573
0.772336
0.468846
0.707734
0.387860
0.931348
0.787959
0.942413
0.956239
0.137265
0.006757
0.551879
0.987568
0.115930
0.673236
0.163390
0.534148
0.272018
0.555489
0.161965
0.795863
0.752675
0.545918
0.574122
0.838090
0.388438
0.689289
0.291387
0.839733
0.231107
0.198312
0.966603
0.045865
0.685492
0.975703
0.965979
0.954009
0.296984
0.015512
0.920182
0.746368
0.571420
0.957564
0.689496
0.198724
0.370388
0.193766
0.707784
0.309914
0.437033
0.028851
0.479965
0.466392
0.098462
0.063728
0.525682
0.800246
0.685281
0.858147
0.851425
0.435103
0.371829
0.030236
0.423560
0.914683
0.027855
0.830791
0.450303
0.348552
0.979999
0.285745
0.171947
0.717225
0.896519
0.704468
0.431697
0.585553
0.058650
0.506300
0.445731
0.863976
0.185008
0.302832
0.817980
0.619295
0.490425
0.196977
0.125282
0.611084
0.436774
0.607932
0.020711
0.760521
0.460925
0.217910
0.220841
0.142451
0.024496
0.054560
0.426485
0.029044
0.442897
0.292611
0.911165
0.657809
0.829202
0.178281
0.448374
0.604410
0.984119
0.976974
0.454032
0.221297
0.420017
0.023809
0.726837
0.569260
0.808306
0.650418
0.274051
0.586532
0.759938
0.881485
0.227432
0.077859
0.903365
0.579844
0.362334
0.086195
0.018747
0.987044
0.827398
0.657459
0.467652
0.002615
0.232934
0.202517
0.161043
0.793446
0.609179
0.081631
0.812396
0.476504
0.072546
0.619585
0.595558
0.303457
0.486128
0.142356
0.577258
0.452575
0.392837
0.399221
0.321348
0.737798
0.974180
0.691652
0.906030
0.141233
0.448864
0.419275
0.687080
0.506040
0.892943
0.523679
0.550755
0.262141
0.922373
0.366454
0.091589
0.046084
0.530674
0.024723
0.225121
0.195527
0.885420
0.385420
0.697017
0.602931
0.339828
0.031161
0.911725
0.385345
0.857541
0.951686
0.500258
0.428584
0.543313
0.004435
0.242881
0.584061
0.848874
0.657908
0.914128
0.202304
0.126367
0.457270
0.520921
0.674313
0.641911
0.381517
0.346554
0.694085
0.564889
0.546833
0.421470
0.354471
0.206230
0.736170
0.134264
0.824084
0.298333
0.888181
0.931971
0.933119
0.063354
0.800346
0.586867
0.306874
0.393710
0.935343
0.617782
0.841738
0.623020
0.863470
0.827881
0.011784
0.067009
0.727539
0.879452
0.245392
0.997475
0.333274
0.581170
0.019219
0.729280
0.404499
0.467304
0.307956
0.567024
0.007677
0.044429
0.107715
0.006894
0.657541
0.153276
0.251444
0.617904
0.630267
0.515755
0.067650
0.748935
0.202008
0.124982
0.338262
0.702667
0.020575
0.495024
0.804887
0.379435
0.431863
0.363255
0.300697
0.983595
0.098612
0.568695
0.671283
0.078101
0.648678
0.991979
0.543721
0.711271
0.807731
0.504815
0.838849
0.180466
0.644966
0.347782
0.655211
0.163308
0.280702
0.634460
0.820507
0.876813
0.965732
0.307246
0.371921
0.822292
0.590944
0.776438
0.432771
0.758987
0.872315
0.230518
0.170061
0.307403
0.084172
0.674072
0.594281
0.015176
0.889063
0.732806
0.076094
0.590721
0.595328
0.155981
0.359046
0.104957
0.826038
0.378994
0.126378
0.327130
0.821422
0.007225
0.494348
0.560402
0.339935
0.311653
0.143517
0.705793
0.743041
0.842853
0.730674
0.153742
0.420558
0.769040
0.142816
0.091548
0.265563
0.112757
0.534632
0.048085
0.671676
0.427180
0.733983
0.866163
0.185700
0.734971
0.885746
0.704888
0.892733
0.508940
0.341222
0.302246
0.179812
0.753897
0.074106
0.260383
0.261893
0.643040
0.929131
0.006707
0.757509
0.850663
0.978269
0.802866
0.371025
0.527221
0.192315
0.456014
0.027361
0.494686
0.631411
0.483744
0.469739
0.552345
0.843400
0.412100
0.681136
0.018707
0.138642
0.677451
0.538244
0.677987
0.717120
0.555616
0.818768
0.923975
0.169502
0.468846
0.227756
0.015108
0.897410
0.502332
0.108369
0.277894
0.317054
0.591385
0.282381
0.767702
0.969976
0.478840
0.303884
0.153412
0.588618
0.565402
0.787838
0.412837
0.804522
0.325318
0.327578
0.677537
0.173081
0.192987
0.480081
0.257316
0.978865
0.165956
0.965359
0.405824
0.415832
0.754488
0.390839
0.799186
0.071393
0.041753
0.720016
0.420324
0.624773
0.221358
0.307266
0.643669
0.568867
0.035755
0.520752
0.760393
0.929486
0.551044
0.879354
0.075569
0.063275
0.937375
0.796999
0.538929
0.920504
0.661854
0.721457
0.774044
0.744512
0.290326
0.890279
0.371042
0.206784
0.999216
0.523207
0.570643
0.934862
0.747782
0.899981
0.547770
0.346868
0.699454
0.010317
0.597806
0.556813
0.018712
0.837227
0.724434
0.832813
0.233189
0.577185
0.652572
0.977456
0.330981
0.395566
0.761342
0.935910
0.067716
0.550948
0.109013
0.630757
0.259621
0.738074
0.753982
0.259293
0.326157
0.340531
0.252965
0.183230
0.972794
0.447488
0.220518
0.784958
0.640940
0.174475
0.483912
0.779044
0.433330
0.189333
0.876292
0.051324
0.400111
0.737747
0.431407
0.077383
0.860301
0.697580
0.418228
0.852356
0.367229
0.780443
0.667230
0.377843
0.802959
0.408161
0.266430
0.510414
0.219071
0.690227
0.359485
0.118952
0.508475
0.437783
0.265921
0.342357
0.890072
0.095569
0.911163
0.430363
0.875244
0.633762
0.938429
0.412072
0.738449
0.798253
0.353213
0.221075
0.175147
0.105200
0.992215
0.042486
0.456135
0.721367
0.020963
0.494000
0.900992
0.986615
0.447439
0.846243
0.333172
0.102885
0.832766
0.191479
0.549479
0.182250
0.915147
0.226618
0.956892
0.865186
0.311043
0.896858
0.885359
0.492554
0.279927
0.398867
0.677239
0.947279
0.338426
0.143971
0.249089
0.833943
0.279424
0.987093
0.201766
0.399192
0.525494
0.919416
0.768109
0.228744
0.248326
0.162853
0.497360
0.206963
0.981646
0.181732
0.910985
0.864303
0.600083
0.109108
0.770434
0.141818
0.226924
0.867131
0.684013
0.798564
0.456558
0.316730
0.673339
0.408603
0.960148
0.903167
0.911469
0.823978
0.203961
0.850707
0.041948
0.506224
0.407529
0.209742
0.463550
0.592449
0.652814
0.259275
0.407851
0.506781
0.015937
0.531115
0.000163
0.351065
0.910397
0.241616
0.248334
0.910291
0.326300
0.213074
0.784045
0.541708
0.036011
0.538388
0.438272
0.338337
0.965174
0.716194
0.383317
0.077184
0.042551
0.764225
0.650318
0.592677
0.826266
0.739119
0.631430
0.322357
0.832336
0.062500
0.513220
0.023780
0.678776
0.315054
0.041548
0.680823
0.210760
0.529994
0.182846
0.729478
0.635687
0.140162
0.982764
0.215992
0.208269
0.332793
0.606463
0.835327
0.142676
0.694330
0.317178
0.920002
0.559338
0.314560
0.168042
0.996018
0.407110
0.422752
0.869666
0.084740
0.336502
0.684517
0.590845
0.301073
0.476639
0.361071
0.056316
0.726267
0.418214
0.064826
0.943268
0.968292
0.498167
0.107286
0.232836
0.167316
0.681155
0.775678
0.344894
0.564846
0.040539
0.970429
0.840845
0.692064
0.550834
0.741326
0.501942
0.008609
0.748060
0.458996
0.227805
0.653215
0.818706
0.811385
0.514762
0.271269
0.007009
0.011386
0.095472
0.533510
0.439707
0.609126
0.494766
0.529956
0.753599
0.016112
0.892067
0.242072
0.361019
0.242137
0.404156
0.495558
0.029360
0.721299
0.104994
0.360602
0.301032
0.340562
0.189027
0.783614
0.398736
0.590990
0.333770
0.145225
0.796905
0.924327
0.714921
0.487590
0.883696
0.030055
0.226939
0.836889
0.769779
0.543079
0.233616
0.564563
0.641476
0.169979
0.852095
0.236508
0.318594
0.981245
0.110915
0.249773
0.214097
0.584598
0.834732
0.560642
0.446666
0.575473
0.327435
0.479199
0.812076
0.387815
0.649502
0.309301
0.949547
0.852866
0.827856
0.218253
0.759820
0.154633
0.776555
0.249549
0.748403
0.765794
0.138840
0.669907
0.926451
0.502318
0.045988
0.646884
0.540001
0.272701
0.801777
0.566976
0.693378
0.970266
0.385042
0.560974
0.752636
0.394212
0.073775
0.141006
0.768677
0.045178
0.355513
0.363104
0.446656
0.159986
0.038753
0.904151
0.948445
0.792374
0.322977
0.629802
0.978986
0.054110
0.740258
0.080606
0.746507
0.574608
0.834754
0.220406
0.962913
0.665508
0.198564
0.380638
0.666464
0.766489
0.800145
0.655908
0.297584
0.254695
0.206877
0.822913
0.773803
0.205641
0.364344
0.882249
0.816070
0.859325
0.614928
0.479797
0.140874
0.360959
0.946493
0.123278
0.406524
0.378413
0.402942
0.345496
0.683789
0.843865
0.772747
0.806940
0.297873
0.798684
0.224994
0.008316
0.887871
0.940194
0.376762
0.482811
0.569626
0.356434
0.257957
0.446071
0.927040
0.298366
0.962930
0.239915
0.844844
0.964400
0.130713
0.057569
0.722593
0.773754
0.231735
0.380844
0.555917
0.675502
0.428073
0.993312
0.558093
0.699660
0.251987
0.011508
0.134773
0.303996
0.764772
0.955020
0.969647
0.532075
0.231279
0.765418
0.972246
0.579420
0.707169
0.896229
0.764616
0.898405
0.583870
0.097226
0.015801
0.369862
0.883742
0.475215
0.186879
0.569605
0.524303
0.452319
0.430429
0.578470
0.470214
0.686651
0.443009
0.770664
0.525385
0.147569
0.834482
0.290739
0.861079
0.829877
0.031301
0.546146
0.370827
0.982936
0.240337
0.630020
0.746585
0.859331
0.574370
0.605508
0.205606
0.444424
0.979243
0.564787
0.002655
0.206659
0.146061
0.187158
0.941291
0.855955
0.570322
0.603630
0.770976
0.364213
0.404719
0.000732
0.608871
0.991071
0.705638
0.912536
0.857471
0.876064
0.197397
0.233835
0.768264
0.464921
0.266407
0.893917
0.109567
0.895399
0.683382
0.942475
0.881503
0.692816
0.559817
0.677990
0.746193
0.136076
0.440436
0.883712
0.635726
0.323712
0.771627
0.294466
0.709105
0.871325
0.463458
0.994514
0.562430
0.835299
0.966592
0.516171
0.980189
0.614030
0.442796
0.272598
0.941058
0.411937
0.836937
0.496077
0.466551
0.250704
0.218255
0.773029
0.897841
0.317504
0.798538
0.355378
0.493711
0.695250
0.844843
0.798607
0.814908
0.722306
0.965091
0.822612
0.166959
0.578746
0.277622
0.132597
0.650048
0.346491
0.992505
0.872456
0.861871
0.097992
0.285560
0.339075
0.534087
0.341998
0.778896
0.067743
0.887231
0.908202
0.838060
0.739226
0.060708
0.550900
0.529969
0.969331
0.927093
0.864216
0.872892
0.661138
0.012652
0.650045
0.755259
0.545867
0.213409
0.489752
0.050540
0.956178
0.878557
0.720242
0.347611
0.989127
0.506665
0.285722
0.827507
0.576765
0.406334
0.462793
0.016411
0.720472
0.869162
0.376270
0.939926
0.218395
0.611808
0.627017
0.994552
0.660111
0.904073
0.535184
0.178851
0.643003
0.115451
0.209438
0.119734
0.023244
0.603128
0.335505
0.159897
0.321274
0.415392
0.638688
0.102625
0.005774
0.196759
0.021606
0.642428
0.458246
0.721498
0.469690
0.037593
0.727188
0.432755
0.715705
0.837301
0.299608
0.273162
0.076543
0.986107
0.709311
0.522964
0.739740
0.057189
0.855282
0.642527
0.455592
0.768573
0.987042
0.592305
0.158703
0.009816
0.822451
0.385253
0.528473
0.937316
0.670797
0.840311
0.132989
0.011956
0.541916
0.542507
0.269518
0.271527
0.410279
0.782685
0.305022
0.410856
0.279685
0.920726
0.572700
0.034471
0.745325
0.878789
0.239333
0.539772
0.989946
0.779802
0.020388
0.663856
0.771957
0.570745
0.885505
0.605596
0.986099
0.545671
0.619490
0.528231
0.900399
0.260784
0.139801
0.009092
0.623268
0.429932
0.130135
0.875405
0.736719
0.035709
0.844018
0.732053
0.178723
0.386913
0.827875
0.123309
0.280857
0.010825
0.979036
0.590720
0.605900
0.667768
0.412440
0.199400
0.701216
0.010396
0.385747
0.351105
0.733228
0.341484
0.304416
0.721580
0.919606
0.927691
0.077462
0.929390
0.780699
0.544319
0.755781
0.431824
0.120222
0.514881
0.095628
0.159366
0.775162
0.892017
0.041045
0.443071
0.082456
0.541546
0.904601
0.898916
0.559555
0.443268
0.492828
0.540634
0.929753
0.230263
0.521434
0.568829
0.611798
0.838214
0.299014
0.991268
0.485322
0.628744
0.933070
0.569792
0.815846
0.752416
0.788199
0.056240
0.930429
0.110181
0.866056
0.407160
0.660385
0.604548
0.395972
0.679109
0.872089
0.506979
0.642780
0.768175
0.079930
0.535179
0.626625
0.624632
0.244407
0.477747
0.683509
0.242582
0.298581
0.034356
0.103226
0.682099
0.691411
0.583412
0.194872
0.855129
0.588458
0.237314
0.233550
0.414577
0.209122
0.205547
0.723188
0.087224
0.812840
0.830473
0.110185
0.334947
0.860734
0.878461
0.544936
0.605068
0.988290
0.714004
0.010193
0.320294
0.321155
0.826370
0.316914
0.482866
0.870553
0.052571
0.263046
0.538117
0.855813
0.497880
0.015012
0.312269
0.745794
0.112488
0.315106
0.150990
0.093478
0.672312
0.953292
0.222964
0.191701
0.331357
0.534741
0.590717
0.614018
0.275806
0.593940
0.504398
0.562309
0.395366
0.674266
0.248696
0.939378
0.389925
0.933922
0.214888
0.345822
0.709781
0.933171
0.016120
0.989693
0.061419
0.485563
0.891923
0.346555
0.539751
0.251718
0.225785
0.446341
0.429053
0.255989
0.236247
0.850058
0.271419
0.804772
0.196736
0.749874
0.371874
0.674334
0.432341
0.544770
0.697418
0.662816
0.763586
0.653153
0.353022
0.115758
0.589239
0.994076
0.966179
0.240433
0.884320
0.348617
0.384161
0.527840
0.638116
0.879352
0.851108
0.462076
0.663501
0.193540
0.067837
0.677518
0.906907
0.067635
0.293491
0.540803
0.902253
0.968240
0.488550
0.705791
0.507235
0.796794
0.752146
0.887694
0.592037
0.419582
0.318039
0.002494
0.615223
0.916578
0.753138
0.948016
0.606165
0.565759
0.876278
0.894994
0.705298
0.175691
0.174521
0.694739
0.211139
0.868226
0.046883
0.282268
0.804902
0.003046
0.223880
0.100864
0.919344
0.912778
0.884130
0.139847
0.878029
0.095596
0.770591
0.159061
0.635262
0.684147
0.468488
0.771231
0.516845
0.395676
0.680029
0.920453
0.009310
0.867146
0.068573
0.787887
0.223131
0.717509
0.063575
0.583954
0.406554
0.862249
0.949623
0.062604
0.695131
0.365577
0.906137
0.883373
0.921969
0.364633
0.232107
0.319918
0.700387
0.576783
0.361967
0.891589
0.429583
0.423101
0.048777
0.602558
0.311453
0.513859
0.119942
0.889404
0.739757
0.868928
0.874470
0.584251
0.508911
0.839224
0.631057
0.131256
0.557001
0.884560
0.310174
0.586965
0.414907
0.606501
0.663739
0.180806
0.080177
0.268223
0.791373
0.204595
0.710453
0.321170
0.606691
0.986455
0.767553
0.642890
0.660387
0.635300
0.111043
0.542332
0.174323
0.020210
0.001135
0.456680
0.793413
0.181120
0.127668
0.324324
0.686437
0.612845
0.127838
0.126646
0.505211
0.886250
0.724083
0.129921
0.891670
0.084146
0.629478
0.089051
0.767817
0.954226
0.896261
0.586136
0.383318
0.389108
0.979235
0.836600
0.874447
0.409534
0.646210
0.599131
0.016503
0.779241
0.079151
0.246736
0.555677
0.450555
0.299901
0.896490
0.377253
0.412744
0.041383
0.635000
0.212253
0.078482
0.627837
0.023151
0.276908
0.938114
0.475362
0.003561
0.367336
0.880771
0.766817
0.181512
0.449382
0.822822
0.373643
0.897441
0.660724
0.297899
0.512762
0.076762
0.114146
0.602009
0.151186
0.129557
0.708573
0.308640
0.156988
0.105243
0.834410
0.281744
0.385931
0.390618
0.934350
0.231750
0.672113
0.806625
0.147826
0.847180
0.332980
0.421017
0.040250
0.260946
0.718822
0.489992
0.776144
0.198024
0.340333
0.989264
0.133013
0.425183
0.640992
0.339381
0.830594
0.862077
0.881055
0.395124
0.644072
0.897766
0.344239
0.106126
0.321374
0.522129
0.034921
0.595528
0.091178
0.965443
0.711719
0.703333
0.452488
0.732356
0.901977
0.337414
0.417124
0.512645
0.001061
0.632087
0.637245
0.197414
0.611150
0.874102
0.110934
0.576186
0.487597
0.189494
0.905124
0.640741
0.298922
0.940371
0.567828
0.382193
0.471612
0.835420
0.387287
0.598174
0.676270
0.666351
0.176540
0.289748
0.651078
0.927792
0.865862
0.438774
0.576486
0.021424
0.435996
0.234643
0.776444
0.275595
0.951263
0.536853
0.182138
0.196750
0.998138
0.591872
0.450266
0.604195
0.312111
0.797492
0.466362
0.058638
0.909609
0.856895
0.912082
0.079386
0.523972
0.672434
0.751851
0.434893
0.482276
0.183449
0.657639
0.494553
0.525933
0.394037
0.190275
0.532368
0.161010
0.609580
0.781706
0.589619
0.378185
0.402045
0.395597
0.226369
0.476917
0.753797
0.004913
0.240935
0.999093
0.841266
0.426598
0.311167
0.675133
0.869681
0.447669
0.938041
0.826857
0.567812
0.807135
0.055769
0.888571
0.409993
0.347942
0.046231
0.898722
0.317358
0.297049
0.570225
0.792456
0.670228
0.084761
0.843106
0.669775
0.560990
0.682306
0.555128
0.519221
0.656822
0.065572
0.212820
0.003743
0.102473
0.939872
0.980620
0.239312
0.056609
0.263122
0.183465
0.159799
0.655403
0.750988
0.121058
0.220683
0.071840
0.446340
0.201068
0.272215
0.479479
0.485913
0.157667
0.368220
0.929034
0.439713
0.147918
0.773852
0.652224
0.463893
0.253874
0.214080
0.070105
0.066946
0.633443
0.449756
0.705798
0.503992
0.606635
0.080902
0.390665
0.787253
0.012639
0.323815
0.168127
0.525621
0.481985
0.672061
0.403100
0.416378
0.920033
0.379198
0.013370
0.231987
0.654130
0.656630
0.870957
0.739522
0.846434
0.192479
0.148840
0.715368
0.984830
0.911436
0.286375
0.269618
0.431241
0.921630
0.843801
0.160021
0.103408
0.958560
0.543740
0.881940
0.694816
0.729721
0.440137
0.686701
0.277644
0.793883
0.300446
0.564826
0.393446
0.648990
0.775707
0.782178
0.601912
0.740722
0.809569
0.066330
0.043691
0.094049
0.498287
0.687808
0.571332
0.182375
0.459483
0.787906
0.933396
0.718357
0.851283
0.583131
0.959309
0.028305
0.861875
0.878770
0.613419
0.074677
0.572011
0.393616
0.670741
0.550992
0.092308
0.118370
0.947139
0.588097
0.259140
0.576111
0.904304
0.793903
0.606449
0.839438
0.784045
0.679288
0.937954
0.291202
0.524591
0.095771
0.430245
0.840389
0.719249
0.486029
0.580437
0.958607
0.018528
0.402383
0.453793
0.963355
0.202474
0.522636
0.021727
0.309891
0.790376
0.944245
0.046351
0.772960
0.468143
0.789758
0.055329
0.702212
0.835754
0.547019
0.753858
0.560944
0.372372
0.301151
0.486531
0.637449
0.027487
0.311336
0.540554
0.723076
0.243263
0.729336
0.576785
0.143014
0.344755
0.649551
0.892716
0.407291
0.277575
0.888698
0.621412
0.913775
0.381856
0.699257
0.115235
0.215813
0.849911
0.072406
0.368776
0.888951
0.384058
0.946838
0.320688
0.659035
0.339793
0.838641
0.611158
0.243513
0.875397
0.489069
0.935781
0.005243
0.727508
0.701981
0.555894
0.610516
0.666889
0.736746
0.031454
0.147780
0.261375
0.327380
0.519885
0.718965
0.663530
0.521565
0.420649
0.120071
0.957070
0.247030
0.081422
0.531240
0.424588
0.505932
0.261697
0.928935
0.553936
0.824515
0.070345
0.394737
0.874054
0.515122
0.855454
0.447915
0.823675
0.175998
0.680870
0.684346
0.906776
0.912183
0.430781
0.214905
0.803613
0.024779
0.550967
0.905502
0.890671
0.418190
0.975637
0.112119
0.609703
0.013450
0.868042
0.251984
0.226546
0.843965
0.590028
0.071509
0.973730
0.826917
0.432687
0.168308
0.194431
0.044064
0.412221
0.145016
0.544631
0.589972
0.140633
0.553449
0.288982
0.029839
0.901095
0.506566
0.295672
0.394651
0.527581
0.860815
0.126375
0.585604
0.145199
0.211552
0.087166
0.485491
0.862409
0.498796
0.791253
0.920394
0.913006
0.829526
0.548722
0.584897
0.771344
0.616884
0.184668
0.857554
0.359089
0.387162
0.965494
0.076174
0.528984
0.574258
0.532598
0.815362
0.657352
0.411068
0.779667
0.278388
0.961634
0.130922
0.719497
0.364112
0.345170
0.243811
0.651431
0.845065
0.374245
0.675860
0.522463
0.458567
0.831210
0.221572
0.762936
0.397852
0.034320
0.612373
0.139016
0.539421
0.344951
0.748122
0.194248
0.866596
0.524437
0.357650
0.625072
0.573367
0.587287
0.777363
0.752063
0.648913
0.709671
0.281792
0.989620
0.758626
0.479388
0.725461
0.589965
0.625164
0.156951
0.310952
0.728721
0.061237
0.700843
0.373631
0.323253
0.268864
0.590503
0.849870
0.523827
0.967152
0.158389
0.893930
0.111883
0.577890
0.370843
0.141037
0.678073
0.836158
0.132913
0.732956
0.361826
0.318468
0.044324
0.170857
0.619053
0.025865
0.615139
0.722134
0.278140
0.121753
0.726117
0.757625
0.457735
0.517472
0.259362
0.448308
0.492332
0.301949
0.451509
0.511750
0.160562
0.119778
0.459763
0.614654
0.382073
0.875223
0.658795
0.945630
0.365393
0.453839
0.285303
0.849462
0.503106
0.150318
0.651531
0.128686
0.251860
0.827939
0.396883
0.179125
0.761169
0.434575
0.228819
0.932539
0.162797
0.800981
0.614409
0.171716
0.566054
0.853209
0.669287
0.091918
0.865839
0.702178
0.501574
0.578818
0.230378
0.015026
0.907808
0.018849
0.442869
0.625842
0.192653
0.155818
0.302448
0.274356
0.053539
0.550808
0.799920
0.452356
0.698264
0.224647
0.355580
0.636854
0.363693
0.587954
0.701220
0.259840
0.096008
0.458021
0.995504
0.935894
0.409517
0.880213
0.048509
0.085780
0.337115
0.310488
0.492981
0.766660
0.449287
0.061895
0.850347
0.373856
0.881627
0.499155
0.500539
0.806617
0.957693
0.399700
0.956020
0.598430
0.012395
0.945739
0.770217
0.573916
0.851788
0.619379
0.164814
0.497625
0.472055
0.631638
0.653476
0.379366
0.200785
0.606971
0.763765
0.065672
0.017401
0.889005
0.434956
0.212981
0.110273
0.742472
0.895668
0.956168
0.591980
0.753324
0.228483
0.572695
0.030998
0.116925
0.413980
0.230092
0.080434
0.136831
0.246773
0.790705
0.958203
0.908373
0.042397
0.445953
0.027079
0.747089
0.745522
0.241972
0.859544
0.747743
0.724278
0.934122
0.276383
0.871381
0.838071
0.929815
0.197968
0.992673
0.020695
0.723402
0.224466
0.375080
0.678605
0.335073
0.600473
0.445427
0.295802
0.995111
0.258432
0.520969
0.219855
0.088211
0.564509
0.200508
0.214326
0.128431
0.004293
0.506509
0.865515
0.977823
0.590845
0.988170
0.768368
0.370495
0.204433
0.937352
0.858110
0.044339
0.285047
0.592015
0.649360
0.915670
0.402024
0.807920
0.169794
0.024348
0.779274
0.661988
0.285864
0.710721
0.122467
0.943689
0.996582
0.208804
0.291945
0.518486
0.279069
0.616005
0.910918
0.274817
0.695762
0.857478
0.764866
0.349009
0.285208
0.647587
0.410126
0.757077
0.151742
0.672364
0.295746
0.535638
0.617754
0.901129
0.644250
0.233578
0.107367
0.474375
0.518607
0.719828
0.972128
0.415651
0.812058
0.039555
0.955709
0.150475
0.175400
0.610407
0.711804
0.673721
0.186799
0.692538
0.851631
0.142535
0.869204
0.471328
0.097054
0.654361
0.170288
0.581507
0.772912
0.234533
0.392734
0.687651
0.686239
0.355944
0.155145
0.171177
0.337476
0.161310
0.085423
0.801381
0.894397
0.488569
0.611862
0.871347
0.766286
0.609978
0.388175
0.933203
0.355050
0.598890
0.736290
0.386284
0.370723
0.514131
0.136964
0.561840
0.298509
0.235085
0.068338
0.055403
0.338762
0.151412
0.164768
0.219642
0.633594
0.885652
0.724147
0.424039
0.396032
0.446557
0.465885
0.781207
0.799587
0.332921
0.271651
0.041909
0.125850
0.054885
0.517525
0.671222
0.741332
0.750659
0.823427
0.276888
0.346568
0.255340
0.350621
0.498409
0.552820
0.344884
0.620901
0.753006
0.965090
0.417506
0.615122
0.334340
0.433198
0.587943
0.240444
0.874145
0.152176
0.823628
0.194624
0.099072
0.604044
0.128184
0.564567
0.778655
0.518145
0.924543
0.890986
0.289967
0.747869
0.270990
0.830385
0.985198
0.206851
0.687490
0.321660
0.595703
0.345202
0.521691
0.392709
0.936376
0.471335
0.554159
0.450804
0.774435
0.011231
0.056834
0.320567
0.624258
0.346269
0.668905
0.109778
0.543186
0.562880
0.147526
0.583663
0.490721
0.490372
0.459939
0.453477
0.124996
0.083304
0.497043
0.379210
0.835525
0.136177
0.360373
0.546010
0.531004
0.693199
0.174612
0.099781
0.036372
0.355094
0.441379
0.172557
0.616554
0.086924
0.328262
0.549267
0.987701
0.522417
0.996309
0.533805
0.443585
0.146353
0.141868
0.276726
0.298789
0.949974
0.662471
0.695192
0.505977
0.106457
0.564966
0.316834
0.956747
0.143358
0.496370
0.535246
0.930180
0.814068
0.188686
0.200882
0.356302
0.036175
0.528561
0.465627
0.850394
0.594823
0.267075
0.833671
0.825787
0.855530
0.715875
0.380079
0.775686
0.123265
0.290352
0.719375
0.037555
0.980953
0.881623
0.130263
0.915894
0.477115
0.705094
0.063374
0.981071
0.273236
0.188478
0.323577
0.113807
0.249204
0.346067
0.477268
0.498218
0.870171
0.924113
0.391333
0.243009
0.189096
0.895430
0.370717
0.732907
0.372911
0.896236
0.685276
0.673980
0.351402
0.217222
0.626445
0.230856
0.679712
0.531551
0.826212
0.685419
0.138848
0.728547
0.823709
0.840450
0.463039
0.852249
0.650619
0.503447
0.945589
0.063594
0.100710
0.011876
0.431576
0.863998
0.879397
0.988254
0.329866
0.162603
0.727878
0.569280
0.070373
0.531008
0.067528
0.855900
0.775001
0.575101
0.601653
0.539456
0.510434
0.436572
0.484183
0.722429
0.133861
0.205244
0.162340
0.160655
0.543266
0.431624
0.319944
0.188091
0.794276
0.946785
0.689795
0.766348
0.566428
0.059172
0.021073
0.641387
0.451576
0.656196
0.537158
0.841352
0.422888
0.309084
0.610367
0.455828
0.129246
0.694683
0.625544
0.181488
0.679991
0.305557
0.569950
0.776689
0.749872
0.833316
0.441534
0.753008
0.883099
0.858689
0.233414
0.150745
0.125900
0.660223
0.854515
0.544289
0.714480
0.421937
0.663044
0.838827
0.713387
0.754761
0.302374
0.429853
0.789775
0.888839
0.672449
0.769271
0.851798
0.800828
0.281714
0.825548
0.032384
0.835237
0.995716
0.739688
0.499029
0.499928
0.622739
0.703764
0.180357
0.267319
0.601292
0.655185
0.663226
0.614356
0.729137
0.358861
0.000909
0.671190
0.802110
0.303064
0.831606
0.721821
0.819723
0.165513
0.214408
0.176232
0.123056
0.407187
0.701359
0.295061
0.221320
0.456451
0.962710
0.942408
0.852681
0.479624
0.428851
0.533505
0.931294
0.561157
0.895967
0.460747
0.828137
0.292860
0.430726
0.968703
0.993347
0.993321
0.597550
0.316593
0.280650
0.632734
0.494143
0.241300
0.711620
0.752431
0.118462
0.106819
0.503384
0.360468
0.583258
0.604484
0.365872
0.713638
0.850671
0.625048
0.694403
0.711560
0.265199
0.647369
0.884412
0.120095
0.832984
0.133023
0.574485
0.189954
0.121183
0.451461
0.881680
0.263249
0.853663
0.521633
0.282871
0.377838
0.857006
0.894364
0.573826
0.539102
0.390689
0.431676
0.613605
0.474581
0.082080
0.097083
0.348300
0.202243
0.513601
0.952335
0.870930
0.402722
0.887292
0.074777
0.182442
0.304519
0.360121
0.344390
0.494297
0.874601
0.419335
0.495524
0.681236
0.501451
0.696238
0.345598
0.131834
0.900129
0.622815
0.077661
0.235856
0.637099
0.370223
0.007221
0.025721
0.834363
0.201318
0.563454
0.692308
0.276815
0.179035
0.683577
0.413726
0.212963
0.634734
0.395369
0.963422
0.647408
0.779830
0.750563
0.148208
0.304267
0.782538
0.190909
0.217668
0.765502
0.799815
0.864462
0.887261
0.518650
0.201364
0.862974
0.634665
0.887415
0.224421
0.088947
0.022190
0.558975
0.810060
0.764926
0.230003
0.797695
0.476803
0.016043
0.971360
0.470375
0.946588
0.553021
0.920904
0.868453
0.340904
0.085909
0.592538
0.553273
0.178477
0.553579
0.829458
0.267954
0.025856
0.670662
0.244131
0.440427
0.452200
0.298272
0.801616
0.174455
0.221230
0.129060
0.460333
0.507008
0.296704
0.548095
0.257817
0.360053
0.950656
0.961704
0.295996
0.182068
0.832475
0.565100
0.785064
0.049375
0.395607
0.400545
0.144099
0.660485
0.279889
0.610684
0.330470
0.529204
0.631633
0.251800
0.232044
0.976320
0.509237
0.650178
0.462732
0.587690
0.396090
0.578022
0.062534
0.391750
0.929707
0.025761
0.930694
0.495576
0.589428
0.852878
0.780649
0.580092
0.675706
0.423136
0.667092
0.906908
0.201347
0.551330
0.820774
0.137156
0.616334
0.802198
0.460787
0.753004
0.748650
0.748236
0.215379
0.542031
0.187410
0.087832
0.752228
0.930964
0.113363
0.190003
0.632205
0.806609
0.425367
0.324274
0.394574
0.346814
0.877723
0.476781
0.547232
0.702528
0.868442
0.684889
0.766866
0.663433
0.866871
0.446772
0.957881
0.634926
0.182987
0.198973
0.325830
0.924643
0.630603
0.589595
0.694226
0.944266
0.471343
0.308170
0.539322
0.079455
0.022298
0.332237
0.695545
0.660684
0.222630
0.397288
0.157145
0.314189
0.866137
0.338987
0.585377
0.509726
0.778889
0.257827
0.943906
0.015272
0.942991
0.545835
0.500319
0.273979
0.006464
0.037190
0.323755
0.131775
0.170863
0.510179
0.406099
0.452055
0.586068
0.602601
0.868328
0.684302
0.907525
0.798285
0.069071
0.524506
0.964935
0.405913
0.196887
0.175647
0.761009
0.555792
0.442045
0.035703
0.550524
0.874010
0.651605
0.698636
0.157849
0.110655
0.470494
0.131352
0.167681
0.069217
0.061132
0.607906
0.189495
0.443282
0.228438
0.153231
0.149757
0.865098
0.012036
0.724877
0.934080
0.625205
0.852939
0.385923
0.689085
0.165281
0.310390
0.178979
0.533705
0.875485
0.961908
0.074700
0.233347
0.756385
0.734748
0.153228
0.796703
0.713167
0.112024
0.389402
0.781744
0.230881
0.756909
0.998541
0.989810
0.794420
0.381879
0.096055
0.908500
0.041689
0.638363
0.408719
0.786965
0.414624
0.350042
0.316148
0.221153
0.157519
0.197957
0.606791
0.049435
0.328523
0.578522
0.902889
0.747175
0.976473
0.590308
0.783505
0.226254
0.495628
0.209230
0.644437
0.434865
0.125139
0.634653
0.349982
0.684439
0.593451
0.434320
0.716013
0.553104
0.521358
0.590296
0.919120
0.205231
0.657726
0.410885
0.545961
0.279419
0.611120
0.787486
0.314130
0.215595
0.006618
0.656272
0.535238
0.176954
0.003483
0.191524
0.317598
0.063498
0.685054
0.082404
0.875487
0.578318
0.822156
0.803070
0.320783
0.790950
0.025623
0.605757
0.047754
0.117931
0.968348
0.779104
0.510378
0.410600
0.564134
0.704247
0.452069
0.784334
0.146730
0.296636
0.738774
0.649647
0.470723
0.383106
0.017539
0.900112
0.944811
0.475262
0.763881
0.489111
0.861561
0.758864
0.573248
0.379420
0.475792
0.124820
0.115864
0.596989
0.841507
0.873904
0.222191
0.461760
0.095878
0.690846
0.450690
0.930618
0.894706
0.413626
0.953618
0.875520
0.489334
0.533269
0.884168
0.366527
0.287929
0.714047
0.253584
0.045941
0.977963
0.592656
0.465204
0.205363
0.480613
0.819778
0.529175
0.529543
0.256492
0.573590
0.643282
0.794953
0.145852
0.380601
0.748765
0.330685
0.881257
0.006148
0.312716
0.316332
0.298237
0.859456
0.818866
0.135799
0.746852
0.934181
0.775020
0.985582
0.197268
0.865482
0.867498
0.787007
0.473871
0.523026
0.750777
0.538570
0.149176
0.422788
0.784724
0.509162
0.100590
0.579472
0.393652
0.886196
0.065337
0.638993
0.082850
0.503042
0.722410
0.833265
0.111790
0.254507
0.652064
0.547119
0.382011
0.522255
0.755140
0.842109
0.885561
0.957045
0.404418
0.860243
0.601235
0.962595
0.311625
0.551087
0.685712
0.186070
0.155774
0.000395
0.240766
0.809930
0.776004
0.862608
0.542230
0.854769
0.795233
0.041497
0.978326
0.516372
0.035811
0.054429
0.791791
0.574369
0.906580
0.140721
0.170173
0.504326
0.989397
0.521018
0.040446
0.308037
0.505324
0.623458
0.747222
0.534184
0.884603
0.107431
0.418226
0.107733
0.754459
0.134143
0.427145
0.613786
0.764355
0.255117
0.773651
0.610680
0.524971
0.168548
0.125306
0.476406
0.795818
0.285472
0.558672
0.648880
0.933653
0.862667
0.940536
0.908923
0.541981
0.409674
0.288326
0.408095
0.538710
0.129187
0.116165
0.372953
0.298015
0.472292
0.624488
0.062003
0.702684
0.104570
0.932394
0.429094
0.459478
0.011312
0.329324
0.702703
0.742617
0.398127
0.573016
0.448090
0.515415
0.948729
0.561637
0.690547
0.878950
0.819004
0.627642
0.972592
0.666625
0.113495
0.248065
0.254244
0.667514
0.097847
0.040008
0.879317
0.257847
0.842594
0.551137
0.286470
0.553077
0.616952
0.993614
0.183813
0.182350
0.106186
0.777478
0.800698
0.418250
0.316069
0.437836
0.928640
0.168367
0.959232
0.421987
0.441757
0.518170
0.750551
0.700843
0.100693
0.389066
0.634684
0.427622
0.775589
0.989217
0.744402
0.910051
0.934497
0.151216
0.262281
0.155446
0.822975
0.199130
0.202818
0.746502
0.275697
0.512415
0.022193
0.005872
0.447482
0.566250
0.427155
0.396491
0.902620
0.552768
0.524177
0.109610
0.759649
0.117183
0.709811
0.431914
0.833623
0.684079
0.340643
0.015586
0.657439
0.975081
0.077352
0.750221
0.684119
0.818126
0.915924
0.843146
0.987242
0.174788
0.797254
0.635536
0.079531
0.435322
0.524295
0.937157
0.580215
0.686488
0.666979
0.464404
0.979063
0.596012
0.555671
0.667136
0.595514
0.296072
0.163660
0.572812
0.520056
0.718910
0.170668
0.645360
0.184975
0.038301
0.248490
0.325501
0.653846
0.514635
0.285613
0.303904
0.483049
0.207948
0.991984
0.484320
0.411393
0.807066
0.923305
0.466893
0.321327
0.584429
0.214607
0.559204
0.110616
0.101155
0.196767
0.281745
0.868726
0.397083
0.021825
0.943601
0.197234
0.663126
0.580929
0.632018
0.606429
0.731051
0.453448
0.285518
0.697041
0.567429
0.671129
0.944464
0.660920
0.527859
0.464234
0.726085
0.449947
0.634537
0.327500
0.124225
0.538973
0.070135
0.106005
0.349387
0.394716
0.434690
0.960775
0.204626
0.735206
0.856487
0.091130
0.430528
0.178265
0.564867
0.727724
0.181799
0.515812
0.070443
0.883018
0.843280
0.274459
0.219795
0.573398
0.419431
0.421358
0.426437
0.081376
0.294342
0.614774
0.672474
0.382523
0.955217
0.677021
0.036174
0.148258
0.888136
0.456805
0.655732
0.983857
0.018105
0.750416
0.080335
0.455539
0.894257
0.846478
0.793499
0.389020
0.074272
0.755165
0.493397
0.225263
0.489077
0.565971
0.169008
0.441225
0.759731
0.262604
0.573477
0.181358
0.673693
0.901726
0.836825
0.999558
0.128833
0.354566
0.414442
0.634562
0.532299
0.915563
0.586602
0.890903
0.750415
0.426885
0.324133
0.281969
0.488260
0.156784
0.548679
0.124276
0.317149
0.336338
0.940402
0.218399
0.239535
0.914322
0.295120
0.281309
0.598702
0.972927
0.585777
0.528903
0.610801
0.175317
0.934513
0.571797
0.765590
0.234982
0.511885
0.360009
0.646518
0.430183
0.324821
0.774684
0.338133
0.686266
0.076416
0.551890
0.887361
0.344090
0.935829
0.172538
0.273758
0.882312
0.568203
0.754465
0.921824
0.100920
0.081159
0.631542
0.995868
0.467448
0.350165
0.447506
0.985514
0.918141
0.209611
0.179180
0.488848
0.664503
0.225128
0.438136
0.592521
0.829677
0.696510
0.788294
0.936268
0.705923
0.446228
0.218699
0.926439
0.338730
0.108007
0.588831
0.763173
0.088038
0.591379
0.033774
0.993025
0.953650
0.224729
0.397586
0.358348
0.269491
0.600437
0.627200
0.342147
0.937326
0.205923
0.281416
0.198773
0.580332
0.634011
0.418275
0.503563
0.824206
0.151196
0.850866
0.576005
0.660052
0.054513
0.290888
0.149287
0.388933
0.974192
0.118816
0.632993
0.700820
0.752833
0.270141
0.394656
0.786727
0.941018
0.052733
0.959930
0.136473
0.248195
0.108105
0.580913
0.528015
0.445963
0.399293
0.568950
0.188286
0.474037
0.203666
0.344028
0.798447
0.598022
0.966575
0.670107
0.855330
0.929405
0.340979
0.767629
0.390322
0.973973
0.311739
0.304790
0.520218
0.923186
0.446896
0.942345
0.172577
0.457219
0.701047
0.557806
0.330316
0.967595
0.939766
0.309523
0.593880
0.426355
0.284261
0.765646
0.909968
0.987712
0.270366
0.754187
0.186990
0.683370
0.656915
0.865976
0.761097
0.905435
0.940253
0.530286
0.422442
0.418642
0.371657
0.792198
0.917493
0.329085
0.623678
0.750671
0.545749
0.198344
0.503784
0.606952
0.032395
0.534003
0.016259
0.354931
0.224668
0.429624
0.076298
0.889740
0.099474
0.654809
0.686927
0.180112
0.931764
0.009881
0.006267
0.746363
0.434073
0.026629
0.519247
0.002509
0.992323
0.898699
0.246948
0.691673
0.374573
0.910405
0.294011
0.193152
0.138856
0.164459
0.969097
0.572174
0.403019
0.416550
0.587094
0.935241
0.230776
0.652405
0.950063
0.641305
0.029629
0.301524
0.434868
0.788741
0.521501
0.796889
0.820739
0.877741
0.837595
0.453528
0.154046
0.755459
0.485071
0.257755
0.458095
0.645898
0.542560
0.306365
0.293655
0.897393
0.750555
0.999313
0.605018
0.837806
0.785440
0.124602
0.943885
0.991770
0.134861
0.150054
0.749324
0.706839
0.647757
0.088543
0.529914
0.668111
0.113221
0.482255
0.400295
0.706329
0.555401
0.374105
0.778346
0.965848
0.321489
0.632848
0.163764
0.779853
0.319758
0.970553
0.759745
0.275393
0.845550
0.250380
0.435729
0.715062
0.554391
0.808132
0.782808
0.181261
0.120477
0.097659
0.109666
0.369168
0.600973
0.878020
0.444029
0.812733
0.235756
0.765615
0.424156
0.801778
0.399929
0.418589
0.321302
0.925735
0.322736
0.061163
0.965148
0.609531
0.449244
0.914847
0.640714
0.089001
0.486627
0.320304
0.881104
0.047051
0.109166
0.611997
0.742844
0.028265
0.437745
0.867469
0.569489
0.839988
0.031024
0.479455
0.328222
0.394135
0.575305
0.593026
0.449494
0.948507
0.415162
0.078199
0.271159
0.962479
0.782009
0.153157
0.948608
0.923322
0.135959
0.582250
0.256983
0.550534
0.598730
0.609757
0.499541
0.911440
0.511214
0.284124
0.619791
0.737663
0.766055
0.422723
0.169277
0.815076
0.638641
0.274479
0.536139
0.816556
0.343015
0.583021
0.523397
0.584703
0.773992
0.627779
0.164661
0.268847
0.743262
0.332095
0.466579
0.136043
0.183336
0.348633
0.412451
0.458550
0.065051
0.351690
0.094067
0.920783
0.266284
0.537600
0.756075
0.167362
0.033799
0.527881
0.039156
0.752150
0.517437
0.720550
0.948432
0.057795
0.724598
0.394077
0.408120
0.088966
0.070123
0.052345
0.502243
0.143279
0.986955
0.139984
0.156773
0.615630
0.149461
0.153377
0.556751
0.868779
0.155170
0.637005
0.681736
0.620494
0.751082
0.666669
0.106321
0.461129
0.195137
0.275271
0.474729
0.371391
0.257330
0.233548
0.597915
0.795217
0.911977
0.533477
0.919617
0.414623
0.504505
0.477536
0.589005
0.140310
0.222830
0.109921
0.699651
0.482489
0.022760
0.758926
0.498296
0.800204
0.785212
0.131624
0.826293
0.484489
0.784477
0.916639
0.478726
0.841596
0.463785
0.428134
0.001193
0.878614
0.817497
0.949282
0.095494
0.816923
0.216966
0.107586
0.879353
0.571688
0.466293
0.603967
0.801462
0.631145
0.989726
0.704841
0.814183
0.381492
0.917221
0.139246
0.168102
0.476306
0.110043
0.984966
0.834134
0.008474
0.843223
0.107687
0.452200
0.063414
0.503851
0.080079
0.925739
0.411103
0.668863
0.863903
0.356883
0.218061
0.766975
0.013537
0.179399
0.456485
0.008343
0.645494
0.780086
0.274395
0.762418
0.822681
0.991889
0.726641
0.287147
0.497187
0.934396
0.601459
0.947493
0.429833
0.313537
0.400897
0.422223
0.012579
0.469290
0.026565
0.077685
0.130946
0.878230
0.206095
0.706117
0.853219
0.130104
0.882306
0.282756
0.072310
0.460808
0.528922
0.717240
0.271385
0.047617
0.896967
0.765492
0.367936
0.469153
0.918384
0.161438
0.410758
0.967999
0.172486
0.534613
0.573698
0.597179
0.371548
0.039317
0.988290
0.604892
0.049828
0.650771
0.079067
0.840163
0.991927
0.429260
0.070919
0.823760
0.748495
0.438171
0.603233
0.905268
0.837428
0.477850
0.052392
0.553164
0.285108
0.994250
0.389634
0.937833
0.033583
0.897406
0.608301
0.158498
0.325369
0.115965
0.881403
0.527933
0.517827
0.384610
0.361533
0.510736
0.304407
0.453649
0.629947
0.161913
0.101835
0.894690
0.225704
0.136095
0.362409
0.301996
0.939876
0.640043
0.891536
0.632413
0.910735
0.642081
0.385610
0.942642
0.285711
0.494139
0.488149
0.954122
0.872573
0.081193
0.717114
0.863935
0.849262
0.107947
0.808653
0.114319
0.068194
0.035654
0.907708
0.500862
0.621335
0.068256
0.810407
0.935807
0.237327
0.984837
0.213722
0.361754
0.387361
0.256191
0.882136
0.034159
0.073990
0.951634
0.417166
0.538239
0.573792
0.325800
0.172317
0.185291
0.573741
0.514831
0.942775
0.631087
0.370569
0.511001
0.666044
0.789162
0.046673
0.021638
0.177278
0.066943
0.764717
0.152170
0.392703
0.153161
0.771526
0.237815
0.358101
0.629583
0.121072
0.940065
0.749368
0.495462
0.032881
0.732433
0.391887
0.784226
0.728381
0.637507
0.558596
0.151663
0.331270
0.010113
0.487633
0.034545
0.292514
0.958152
0.144345
0.457275
0.885133
0.775665
0.544898
0.119426
0.703204
0.356928
0.406017
0.174126
0.153884
0.744364
0.824462
0.330131
0.526771
0.718093
0.598188
0.130518
0.002983
0.095663
0.546972
0.608434
0.584458
0.314640
0.282361
0.952973
0.304733
0.008990
0.714530
0.372400
0.664504
0.956653
0.707111
0.381657
0.222651
0.717316
0.630829
0.208891
0.885828
0.946460
0.694303
0.682100
0.162577
0.167509
0.307383
0.670484
0.482130
0.314840
0.961576
0.092561
0.390327
0.686085
0.186537
0.419401
0.807475
0.825279
0.695105
0.079407
0.613512
0.014741
0.386363
0.872161
0.177892
0.402158
0.101654
0.412149
0.404277
0.702165
0.978223
0.316044
0.758254
0.964004
0.615260
0.715249
0.200037
0.116930
0.644677
0.192126
0.079655
0.124357
0.411411
0.205605
0.760915
0.280822
0.433594
0.869465
0.929768
0.860492
0.890353
0.782611
0.385420
0.312820
0.223727
0.771222
0.297110
0.044203
0.831236
0.501946
0.890005
0.520961
0.947679
0.155822
0.769881
0.679035
0.990067
0.734767
0.343520
0.082706
0.580114
0.204928
0.291025
0.794799
0.016993
0.990722
0.814136
0.813925
0.392199
0.324881
0.453370
0.212902
0.702223
0.466219
0.934212
0.742501
0.997724
0.729374
0.582208
0.814980
0.724930
0.868636
0.917640
0.074582
0.271967
0.438529
0.697366
0.522479
0.275776
0.962683
0.774580
0.669846
0.311304
0.803172
0.072836
0.926337
0.151230
0.586849
0.860094
0.326719
0.219739
0.542986
0.519230
0.393545
0.176652
0.595921
0.566024
0.019293
0.657922
0.073341
0.702804
0.521374
0.105127
0.299774
0.919580
0.724774
0.770896
0.588013
0.784543
0.010201
0.460363
0.489184
0.087451
0.633597
0.322737
0.963603
0.413752
0.382345
0.144475
0.066123
0.300839
0.343938
0.609392
0.056375
0.642838
0.486997
0.015271
0.629057
0.514695
0.108140
0.995468
0.373346
0.643433
0.400299
0.052702
0.102987
0.193499
0.320670
0.726350
0.416862
0.198756
0.154781
0.180436
0.649483
0.976328
0.215531
0.003976
0.225512
0.823059
0.713865
0.286022
0.643753
0.615505
0.175630
0.182731
0.764125
0.016261
0.744794
0.491940
0.463747
0.506013
0.147400
0.341365
0.851715
0.600309
0.037304
0.269842
0.200604
0.326938
0.401093
0.417471
0.258638
0.303590
0.865568
0.561594
0.170208
0.801565
0.280422
0.553008
0.452852
0.760627
0.197364
0.673255
0.282420
0.349352
0.644849
0.292491
0.230038
0.876578
0.417123
0.341941
0.907546
0.450860
0.423609
0.799899
0.123503
0.069489
0.148466
0.040523
0.868829
0.875805
0.072637
0.316003
0.057143
0.248019
0.837020
0.281449
0.585325
0.534772
0.753891
0.664751
0.178386
0.508280
0.985758
0.408463
0.191211
0.606722
0.741132
0.735489
0.187924
0.440727
0.322799
0.123821
0.665634
0.767263
0.897024
0.517225
0.769163
0.626444
0.725559
0.788644
0.621432
0.796774
0.063530
0.441793
0.912711
0.371945
0.425316
0.355300
0.421597
0.582819
0.860849
0.504718
0.029865
0.982568
0.872731
0.643294
0.719077
0.547890
0.699749
0.875702
0.753912
0.906757
0.657529
0.553900
0.348539
0.831351
0.777947
0.485106
0.239232
0.897038
0.044510
0.733824
0.737982
0.133598
0.453281
0.378445
0.585536
0.928164
0.013257
0.144462
0.653570
0.990749
0.664704
0.467838
0.738234
0.988950
0.170325
0.970884
0.142832
0.389827
0.006739
0.677500
0.845789
0.021483
0.540442
0.313427
0.999390
0.057223
0.653831
0.379814
0.591063
0.219910
0.037134
0.144847
0.936608
0.457327
0.578104
0.449131
0.456031
0.620716
0.363446
0.087258
0.928086
0.523596
0.407362
0.222426
0.227877
0.417384
0.199817
0.665630
0.849677
0.410877
0.829730
0.149038
0.309376
0.714552
0.798917
0.828395
0.640697
0.105714
0.667166
0.936183
0.557576
0.500268
0.526147
0.690767
0.691285
0.560424
0.612124
0.552560
0.442213
0.459658
0.459750
0.652659
0.058339
0.127106
0.150002
0.539323
0.288887
0.879313
0.895876
0.270622
0.414256
0.459321
0.374533
0.695799
0.251931
0.298911
0.491682
0.522015
0.340668
0.722077
0.244148
0.356817
0.448047
0.755081
0.823467
0.389671
0.693661
0.904800
0.324370
0.159104
0.374128
0.432234
0.337042
0.016587
0.287451
0.267370
0.214637
0.406178
0.331365
0.286071
0.023999
0.032735
0.070247
0.465867
0.667521
0.884299
0.082587
0.737685
0.670198
0.039846
0.299053
0.702563
0.874129
0.256462
0.380929
0.849685
0.191787
0.655094
0.959409
0.323744
0.511540
0.967075
0.325299
0.490458
0.399223
0.960868
0.821584
0.649358
0.926453
0.926896
0.721762
0.868686
0.511231
0.685370
0.076478
0.460036
0.263793
0.115943
0.759816
0.477458
0.878320
0.947573
0.452525
0.489912
0.439847
0.641519
0.348696
0.925793
0.669441
0.940094
0.079114
0.477768
0.606556
0.719163
0.401210
0.355096
0.725529
0.494847
0.132584
0.814367
0.156930
0.506239
0.201238
0.139093
0.390165
0.078861
0.477580
0.590454
0.381114
0.711044
0.745928
0.347964
0.890249
0.401455
0.099584
0.897747
0.598438
0.424735
0.614730
0.020904
0.758541
0.478981
0.113685
0.564351
0.962892
0.679032
0.484818
0.636058
0.865115
0.699656
0.530154
0.116361
0.167746
0.819581
0.886062
0.292754
0.856224
0.158528
0.759167
0.649054
0.959636
0.902990
0.168604
0.028179
0.186751
0.291416
0.045001
0.463879
0.713228
0.975027
0.942232
0.379133
0.476398
0.626702
0.634307
0.781594
0.314692
0.268065
0.439103
0.769199
0.619927
0.295139
0.503560
0.577234
0.255459
0.067820
0.350037
0.552678
0.938223
0.790395
0.897551
0.599184
0.147403
0.242572
0.689453
0.578824
0.669671
0.356804
0.763784
0.932511
0.836312
0.202482
0.155163
0.953432
0.270230
0.295886
0.406918
0.045782
0.912662
0.362271
0.266639
0.269521
0.315843
0.429435
0.332868
0.120968
0.696973
0.017454
0.288965
0.954856
0.282214
0.934557
0.303985
0.607618
0.711641
0.912472
0.579603
0.541271
0.114720
0.774795
0.084685
0.365357
0.241904
0.678501
0.531220
0.599228
0.295142
0.991541
0.221217
0.462846
0.835746
0.749349
0.726204
0.800785
0.062112
0.191213
0.469711
0.686700
0.495785
0.325799
0.267129
0.075100
0.548611
0.666209
0.163439
0.080475
0.875815
0.451896
0.502329
0.102860
0.862547
0.721460
0.893230
0.381661
0.010476
0.291100
0.526846
0.459462
0.555394
0.943406
0.364211
0.053737
0.978586
0.245902
0.906420
0.561524
0.499058
0.344565
0.187587
0.720697
0.429011
0.651378
0.045824
0.197278
0.922594
0.544329
0.667908
0.203046
0.082488
0.391375
0.502705
0.828616
0.248089
0.405489
0.354285
0.027121
0.163678
0.935378
0.334259
0.041035
0.408948
0.835968
0.238279
0.233706
0.214757
0.974813
0.256420
0.487473
0.534075
0.786560
0.001692
0.547238
0.895196
0.049454
0.993901
0.422974
0.237802
0.828013
0.644249
0.483524
0.181941
0.297718
0.704288
0.459374
0.268203
0.074570
0.154154
0.771727
0.850036
0.739124
0.770530
0.482661
0.935297
0.636124
0.623783
0.545487
0.235788
0.302780
0.573553
0.770392
0.565901
0.227449
0.358280
0.118397
0.062904
0.152727
0.080360
0.222537
0.213295
0.040478
0.076550
0.800645
0.546588
0.729117
0.212839
0.276317
0.987583
0.494418
0.262201
0.136498
0.081432
0.323600
0.998676
0.514126
0.666572
0.018505
0.086202
0.146388
0.565964
0.937993
0.448116
0.193305
0.697175
0.593524
0.093556
0.642735
0.820089
0.637185
0.948958
0.927544
0.303812
0.380705
0.023031
0.455229
0.611169
0.600412
0.727066
0.531908
0.182957
0.400470
0.712015
0.449130
0.520367
0.599460
0.580794
0.606956
0.181936
0.888461
0.027794
0.549291
0.252908
0.687988
0.665113
0.782141
0.435266
0.652641
0.162099
0.592906
0.024249
0.473110
0.574859
0.664671
0.663295
0.482754
0.427477
0.725629
0.338718
0.458517
0.356410
0.447240
0.725559
0.422233
0.902093
0.228542
0.818006
0.597841
0.363225
0.816484
0.065255
0.502688
0.883797
0.117551
0.733943
0.377636
0.063059
0.273780
0.381401
0.362394
0.134819
0.592151
0.553355
0.461243
0.003313
0.230967
0.721709
0.022723
0.325199
0.427093
0.112322
0.167992
0.145850
0.275786
0.201889
0.980282
0.916067
0.698342
0.002997
0.836605
0.693742
0.815330
0.726050
0.687530
0.963157
0.813810
0.378238
0.427308
0.349798
0.900513
0.408053
0.440945
0.966444
0.679720
0.657575
0.554101
0.670365
0.410533
0.875129
0.673372
0.943531
0.975025
0.552651
0.506779
0.807750
0.933553
0.272755
0.655926
0.362451
0.929187
0.421083
0.721732
0.470780
0.618286
0.583735
0.654919
0.433789
0.702712
0.204736
0.591179
0.375366
0.990897
0.824629
0.660513
0.532536
0.455184
0.111759
0.462455
0.805591
0.232610
0.789121
0.906397
0.196854
0.452150
0.761282
0.172094
0.160727
0.695650
0.270589
0.533518
0.233930
0.110054
0.725485
0.483879
0.524692
0.498603
0.115127
0.915985
0.952367
0.707522
0.275856
0.355700
0.361877
0.887022
0.031427
0.363516
0.436040
0.601658
0.668729
0.046962
0.416877
0.671074
0.815395
0.142364
0.076151
0.179596
0.489789
0.696468
0.775560
0.459259
0.535052
0.015429
0.286169
0.448419
0.418071
0.150088
0.831032
0.595694
0.265250
0.792317
0.438645
0.120661
0.266988
0.498223
0.590445
0.678188
0.161880
0.701375
0.583366
0.287936
0.313325
0.994953
0.357215
0.285333
0.021743
0.748299
0.433100
0.291869
0.734630
0.773953
0.328123
0.073006
0.986918
0.609678
0.436163
0.199338
0.441306
0.050651
0.055879
0.714227
0.721409
0.024876
0.494315
0.368134
0.711757
0.305778
0.045136
0.250983
0.213077
0.095963
0.030000
0.949521
0.817257
0.282375
0.973544
0.302635
0.335261
0.382932
0.658690
0.815748
0.257800
0.496480
0.159354
0.232746
0.440233
0.190214
0.680111
0.323437
0.320984
0.361135
0.933183
0.814645
0.550552
0.980572
0.966388
0.527875
0.423077
0.954013
0.513947
0.155767
0.164574
0.423727
0.595647
0.948575
0.094717
0.920897
0.837609
0.641780
0.298845
0.189599
0.756372
0.753073
0.533277
0.000376
0.542253
0.443753
0.152767
0.229857
0.030828
0.273809
0.359736
0.179560
0.974146
0.695071
0.699907
0.956495
0.155113
0.101996
0.589984
0.546285
0.646823
0.789562
0.585473
0.422450
0.748902
0.612760
0.858788
0.490162
0.058861
0.378237
0.940975
0.336799
0.309740
0.667449
0.619245
0.023028
0.155910
0.549314
0.114737
0.505895
0.974683
0.411816
0.381328
0.638735
0.008639
0.364639
0.860909
0.081796
0.166421
0.542933
0.050246
0.312912
0.470702
0.395357
0.229794
0.820676
0.261462
0.152999
0.078623
0.955205
0.679387
0.150669
0.258778
0.406411
0.844747
0.274851
0.456095
0.869720
0.266566
0.325731
0.575815
0.778340
0.948068
0.551796
0.525732
0.553749
0.058640
0.608214
0.196399
0.317233
0.908909
0.033516
0.238764
0.470574
0.861590
0.377805
0.120123
0.689795
0.131855
0.960137
0.737415
0.269018
0.650863
0.008866
0.814370
0.129560
0.086447
0.538139
0.090215
0.290610
0.115707
0.643725
0.310419
0.940832
0.333404
0.134675
0.594983
0.104618
0.043712
0.242530
0.431115
0.052370
0.235346
0.020928
0.311741
0.241879
0.473672
0.435339
0.619539
0.518780
0.278713
0.780504
0.391138
0.260278
0.893552
0.203080
0.944485
0.970147
0.610272
0.765475
0.323552
0.767871
0.015187
0.696255
0.121283
0.144210
0.474670
0.530496
0.449816
0.054088
0.818508
0.563730
0.805448
0.800430
0.728715
0.004577
0.946642
0.535079
0.625446
0.008684
0.991832
0.511578
0.503570
0.270394
0.028080
0.306230
0.937320
0.414768
0.083377
0.056031
0.387836
0.212649
0.288962
0.712991
0.649380
0.792733
0.081308
0.392730
0.212474
0.969836
0.957084
0.000599
0.042308
0.486311
0.392499
0.490804
0.632785
0.077881
0.317935
0.783944
0.642895
0.545786
0.949985
0.607161
0.223189
0.429443
0.729146
0.290725
0.644692
0.928743
0.699010
0.957869
0.727278
0.689311
0.451342
0.074218
0.084367
0.219655
0.013696
0.112946
0.438642
0.604147
0.987957
0.166398
0.380590
0.873480
0.278401
0.859223
0.427218
0.723945
0.748609
0.447795
0.159691
0.083135
0.692960
0.722235
0.471431
0.412913
0.628954
0.347412
0.515935
0.246731
0.342526
0.815609
0.108128
0.669109
0.534533
0.854178
0.984156
0.667630
0.710365
0.195241
0.170349
0.194992
0.966904
0.220814
0.538627
0.558908
0.105932
0.435579
0.547199
0.365159
0.537471
0.671687
0.874426
0.643505
0.930741
0.716599
0.670638
0.222890
0.677703
0.888093
0.076173
0.642331
0.310998
0.312642
0.410708
0.403733
0.874021
0.037630
0.533924
0.724819
0.388641
0.008024
0.643777
0.932189
0.471454
0.638684
0.627119
0.559900
0.481403
0.629404
0.747607
0.166688
0.462236
0.606754
0.264874
0.950093
0.397679
0.581165
0.672566
0.778379
0.703825
0.416225
0.844536
0.157382
0.423458
0.997612
0.040063
0.540867
0.695401
0.429395
0.570305
0.936780
0.886240
0.884568
0.927305
0.880868
0.382739
0.093942
0.359857
0.981965
0.744833
0.413006
0.611710
0.593883
0.458386
0.890711
0.759288
0.957072
0.354106
0.348635
0.568834
0.864310
0.277420
0.625590
0.385335
0.539743
0.410212
0.453880
0.444427
0.746042
0.818638
0.902430
0.418692
0.932723
0.094521
0.582520
0.554229
0.557425
0.086820
0.388356
0.583412
0.114791
0.603401
0.102265
0.704393
0.223586
0.973813
0.788502
0.864728
0.696537
0.576232
0.226829
0.770916
0.459450
0.874473
0.284108
0.941273
0.622469
0.415433
0.816641
0.528216
0.828402
0.288098
0.556063
0.937584
0.118162
0.130029
0.216061
0.675014
0.134389
0.226790
0.415430
0.638867
0.219634
0.128181
0.735075
0.869920
0.309348
0.499249
0.493122
0.752414
0.941874
0.334328
0.454676
0.859653
0.943217
0.841846
0.402816
0.148686
0.644400
0.113035
0.137704
0.459553
0.870372
0.428369
0.284379
0.269961
0.433981
0.744314
0.160714
0.229079
0.774190
0.505664
0.659456
0.055567
0.508106
0.614155
0.547455
0.174224
0.600550
0.774472
0.086574
0.800120
0.187522
0.859187
0.380853
0.704306
0.681412
0.663060
0.190001
0.334814
0.012154
0.935835
0.097924
0.372325
0.861234
0.825852
0.254773
0.801684
0.681905
0.472034
0.430825
0.636111
0.591839
0.040045
0.729724
0.076908
0.812368
0.803517
0.047305
0.991732
0.915433
0.170293
0.661004
0.591591
0.445149
0.796864
0.265091
0.351137
0.490841
0.024850
0.290485
0.897102
0.003528
0.917982
0.567290
0.462770
0.334610
0.736148
0.796645
0.826931
0.916376
0.017335
0.029685
0.506909
0.746511
0.764574
0.429890
0.518158
0.446740
0.972243
0.185828
0.736713
0.968033
0.746327
0.099972
0.872996
0.356226
0.151702
0.302127
0.181516
0.482854
0.184509
0.810073
0.264538
0.912301
0.650683
0.512672
0.980602
0.509846
0.417213
0.200265
0.420669
0.402832
0.378520
0.772318
0.873764
0.162030
0.387162
0.862494
0.456302
0.760704
0.379957
0.126599
0.739170
0.949018
0.484545
0.019895
0.966410
0.121022
0.217635
0.368318
0.839568
0.785790
0.138006
0.625153
0.941016
0.134450
0.851202
0.753221
0.614652
0.437310
0.888302
0.925783
0.018148
0.642402
0.210989
0.080919
0.440368
0.376273
0.394999
0.068646
0.251930
0.883321
0.583070
0.112296
0.765251
0.360441
0.198605
0.371639
0.140328
0.743984
0.997775
0.990910
0.429348
0.646323
0.088889
0.477450
0.130733
0.695765
0.045137
0.063429
0.773059
0.647590
0.614691
0.722403
0.201430
0.962995
0.928470
0.252953
0.351249
0.019464
0.611351
0.702856
0.403141
0.159055
0.111199
0.929090
0.682200
0.604393
0.618965
0.202266
0.437208
0.095546
0.612281
0.039963
0.481540
0.409717
0.717972
0.353945
0.445618
0.720875
0.861991
0.123841
0.257980
0.804603
0.618181
0.157710
0.192954
0.176804
0.042528
0.701907
0.980746
0.421386
0.803132
0.243028
0.731495
0.774996
0.006875
0.468681
0.767832
0.825556
0.153778
0.076941
0.458053
0.290326
0.194507
0.642930
0.189701
0.878991
0.753796
0.651940
0.194790
0.343681
0.444007
0.819424
0.834830
0.862606
0.513386
0.057152
0.556124
0.804214
0.240349
0.670700
0.241512
0.847495
0.839260
0.235606
0.399981
0.079500
0.728526
0.888001
0.164549
0.507679
0.825569
0.660994
0.604013
0.881742
0.775428
0.821899
0.416023
0.552981
0.343877
0.629284
0.756048
0.559188
0.468299
0.385601
0.196065
0.227115
0.969795
0.353684
0.602934
0.364115
0.700816
0.917748
0.912544
0.863941
0.899794
0.075880
0.263028
0.092223
0.916742
0.866565
0.977873
0.323941
0.883694
0.962138
0.275026
0.373022
0.656357
0.353483
0.966638
0.243321
0.726734
0.639759
0.529397
0.516754
0.282258
0.901922
0.819485
0.419734
0.099624
0.847557
0.008622
0.230621
0.148856
0.875687
0.486748
0.331495
0.235853
0.823443
0.048539
0.705571
0.523822
0.461487
0.519526
0.741237
0.592574
0.732842
0.525490
0.544634
0.769935
0.351373
0.636441
0.570314
0.704700
0.653612
0.972594
0.754736
0.652236
0.633416
0.221070
0.746880
0.271442
0.376278
0.133356
0.556197
0.148078
0.782749
0.038040
0.528383
0.980316
0.552810
0.871961
0.077556
0.806603
0.060142
0.195030
0.878358
0.695716
0.532863
0.676961
0.098113
0.529403
0.071541
0.523457
0.837729
0.417505
0.563258
0.218738
0.876547
0.625521
0.719576
0.102355
0.472428
0.849585
0.894713
0.550953
0.761192
0.131683
0.286801
0.607967
0.902021
0.509299
0.739192
0.582385
0.716046
0.682570
0.930494
0.535843
0.118084
0.055519
0.951932
0.387889
0.116295
0.666159
0.440105
0.112735
0.786483
0.916656
0.774122
0.775883
0.168119
0.005581
0.711016
0.892326
0.994252
0.359344
0.965358
0.284623
0.089777
0.671663
0.022031
0.611867
0.949668
0.854421
0.179421
0.440677
0.754438
0.949248
0.869072
0.876025
0.973182
0.968849
0.492598
0.680377
0.839958
0.555595
0.803846
0.629765
0.727248
0.040583
0.580652
0.808684
0.656770
0.940600
0.453777
0.183852
0.524674
0.577941
0.158751
0.249752
0.732291
0.486276
0.658294
0.764562
0.727973
0.665847
0.948039
0.629640
0.918730
0.866871
0.446608
0.173435
0.706307
0.658406
0.613226
0.423984
0.260877
0.531212
0.403387
0.163440
0.551953
0.090577
0.827481
0.502078
0.111479
0.125289
0.821293
0.564653
0.774823
0.051280
0.864060
0.403711
0.013991
0.685803
0.923122
0.025576
0.491433
0.226110
0.888535
0.096209
0.685991
0.604336
0.351328
0.475461
0.203815
0.439872
0.431152
0.776543
0.031268
0.687019
0.069018
0.058539
0.124195
0.807502
0.355744
0.006991
0.484569
0.115980
0.794009
0.342787
0.142897
0.536484
0.009806
0.102701
0.150209
0.756589
0.096377
0.063886
0.959762
0.014717
0.139748
0.225672
0.134253
0.048441
0.329904
0.529279
0.603477
0.064831
0.585997
0.082025
0.189658
0.668215
0.639188
0.077749
0.548556
0.149295
0.734558
0.468078
0.294790
0.259000
0.386659
0.666684
0.906332
0.870215
0.194764
0.165621
0.067918
0.783364
0.477568
0.742209
0.714156
0.323539
0.197418
0.847932
0.983798
0.476396
0.226053
0.036645
0.176101
0.739478
0.763135
0.725425
0.203146
0.950148
0.601650
0.833209
0.818829
0.369239
0.777650
0.633495
0.451816
0.732331
0.923198
0.539693
0.917879
0.762764
0.728999
0.144978
0.793700
0.409843
0.325827
0.120815
0.222474
0.422976
0.010896
0.075789
0.329855
0.591626
0.616802
0.053216
0.961062
0.319112
0.377313
0.444681
0.826079
0.105560
0.457256
0.987591
0.345148
0.895026
0.345150
0.546704
0.022144
0.200546
0.159392
0.229181
0.305585
0.017938
0.085074
0.304819
0.908123
0.037612
0.772530
0.480871
0.993320
0.778908
0.615011
0.475261
0.566701
0.422842
0.546406
0.032406
0.655736
0.178400
0.916437
0.599629
0.275128
0.560106
0.306418
0.724716
0.860022
0.508595
0.930530
0.820306
0.436399
0.583024
0.753063
0.570143
0.676677
0.678716
0.259409
0.805700
0.566523
0.763287
0.206588
0.867323
0.359033
0.820426
0.797093
0.067934
0.003174
0.586407
0.857917
0.013769
0.258841
0.257430
0.445505
0.897982
0.220778
0.336165
0.158217
0.989692
0.203279
0.326752
0.532710
0.991904
0.638045
0.435458
0.581991
0.663359
0.325363
0.598692
0.543792
0.596685
0.586193
0.553965
0.632384
0.651299
0.387581
0.758341
0.299152
0.665343
0.669584
0.411974
0.622418
0.455918
0.967687
0.783546
0.770703
0.078348
0.095218
0.284921
0.462174
0.998591
0.485918
0.082576
0.313312
0.462005
0.673507
0.444629
0.409471
0.468072
0.944528
0.939297
0.207054
0.514371
0.099978
0.160949
0.500371
0.612053
0.423365
0.954482
0.055214
0.035384
0.816037
0.431409
0.165907
0.213969
0.829323
0.168955
0.763651
0.050270
0.216638
0.306734
0.362676
0.517653
0.132856
0.207601
0.539073
0.513942
0.223693
0.536476
0.397526
0.789203
0.341341
0.092806
0.586895
0.088956
0.276278
0.271754
0.510326
0.038431
0.756926
0.341766
0.963808
0.400756
0.602163
0.730993
0.193841
0.161520
0.645603
0.584131
0.345810
0.991307
0.229933
0.059785
0.176053
0.412022
0.304599
0.214781
0.309416
0.915839
0.576924
0.097432
0.967782
0.159096
0.656770
0.531119
0.091867
0.557324
0.605450
0.400401
0.887257
0.349881
0.923562
0.395059
0.695620
0.769440
0.478249
0.666908
0.513331
0.957166
0.632152
0.706982
0.633046
0.901139
0.363817
0.657012
0.590322
0.964015
0.197802
0.882236
0.569179
0.604595
0.543275
0.809056
0.509990
0.113791
0.589000
0.080331
0.613514
0.583173
0.252629
0.015980
0.629972
0.736978
0.130844
0.152805
0.036293
0.597202
0.757778
0.444002
0.853001
0.455533
0.331233
0.147813
0.740344
0.112708
0.004336
0.851314
0.087574
0.460923
0.724750
0.737781
0.906488
0.951914
0.810314
0.595935
0.438210
0.363833
0.120756
0.121078
0.848669
0.184168
0.976942
0.409511
0.232297
0.321495
0.315047
0.789453
0.264390
0.282129
0.881380
0.057837
0.280495
0.262858
0.278530
0.050063
0.746686
0.260385
0.084794
0.209048
0.089028
0.552336
0.071729
0.344233
0.635805
0.112349
0.240255
0.186876
0.094651
0.359611
0.250539
0.214668
0.031906
0.366126
0.117138
0.799070
0.376958
0.335994
0.326483
0.238650
0.064505
0.991202
0.872179
0.100018
0.717649
0.937085
0.923832
0.366823
0.320077
0.205175
0.792079
0.771801
0.322737
0.877008
0.636321
0.885503
0.666118
0.953394
0.608513
0.789370
0.001166
0.751225
0.227763
0.654991
0.578149
0.964234
0.143618
0.173207
0.102114
0.822958
0.743738
0.367224
0.475543
0.318891
0.482556
0.926799
0.053307
0.332507
0.305624
0.313139
0.502736
0.416947
0.089404
0.706446
0.913951
0.459252
0.843592
0.553465
0.654290
0.067594
0.283663
0.377347
0.958403
0.242888
0.791795
0.446207
0.135436
0.191298
0.276876
0.372638
0.940545
0.353446
0.816821
0.199947
0.374144
0.277793
0.532315
0.690979
0.353811
0.588927
0.979584
0.494096
0.156440
0.313699
0.555442
0.443477
0.698133
0.374859
0.341192
0.235611
0.943572
0.366694
0.348815
0.092202
0.492614
0.341855
0.914911
0.206226
0.547839
0.393020
0.672343
0.910227
0.531506
0.265283
0.039212
0.695078
0.993269
0.121284
0.938250
0.737070
0.671127
0.265360
0.700987
0.208676
0.568016
0.057855
0.039879
0.803627
0.256636
0.186556
0.073362
0.003484
0.787259
0.757818
0.664383
0.257116
0.150117
0.501894
0.549149
0.495954
0.228547
0.510311
0.671635
0.029240
0.205220
0.920783
0.848824
0.570684
0.975943
0.498222
0.935127
0.859751
0.948643
0.118258
0.361012
0.429409
0.715005
0.309587
0.635368
0.612768
0.175036
0.648994
0.733840
0.901892
0.357517
0.401676
0.372266
0.504641
0.139420
0.161269
0.877075
0.074336
0.443091
0.748634
0.620217
0.499884
0.040046
0.484001
0.957866
0.681751
0.464151
0.439669
0.988066
0.925607
0.524618
0.024271
0.676964
0.957794
0.691469
0.437176
0.465886
0.305088
0.024116
0.183262
0.097684
0.538906
0.039352
0.052805
0.341441
0.517581
0.820994
0.175277
0.566448
0.579167
0.002743
0.954373
0.751461
0.654133
0.892292
0.717512
0.811614
0.448068
0.722894
0.677643
0.896332
0.358138
0.733281
0.547539
0.136391
0.255509
0.793959
0.684400
0.791507
0.014554
0.563513
0.620942
0.731995
0.976637
0.509747
0.981843
0.054948
0.883146
0.544708
0.143297
0.528799
0.133693
0.868054
0.198242
0.637120
0.158821
0.898685
0.298731
0.676087
0.832893
0.799395
0.795913
0.588531
0.986060
0.103599
0.651516
0.695114
0.451400
0.767642
0.794956
0.929568
0.654654
0.668014
0.717681
0.585544
0.422793
0.101949
0.979829
0.438298
0.560391
0.334916
0.130380
0.681912
0.378988
0.162562
0.065719
0.704199
0.027033
0.951502
0.155758
0.854631
0.372408
0.717472
0.712810
0.109215
0.754884
0.655689
0.055320
0.729164
0.024249
0.712578
0.593907
0.492253
0.486423
0.476519
0.936311
0.957313
0.223023
0.954912
0.944537
0.129270
0.460935
0.923206
0.283371
0.216211
0.432117
0.096649
0.154513
0.318246
0.367765
0.646352
0.322753
0.533410
0.755945
0.707055
0.996082
0.296886
0.801774
0.794896
0.734622
0.740619
0.661326
0.150162
0.026169
0.440579
0.674744
0.263645
0.999486
0.343934
0.654035
0.447899
0.548846
0.689134
0.642959
0.628797
0.841557
0.865054
0.270075
0.301554
0.279062
0.933031
0.373873
0.202619
0.814846
0.755799
0.457002
0.968866
0.509773
0.653417
0.393689
0.303517
0.067057
0.317355
0.792719
0.749709
0.152023
0.454784
0.332935
0.534002
0.711858
0.666037
0.017498
0.420240
0.491132
0.255258
0.618493
0.586600
0.041849
0.678936
0.039513
0.073548
0.882064
0.806647
0.048294
0.856556
0.022575
0.025687
0.915031
0.474258
0.893136
0.904869
0.228804
0.930194
0.122178
0.846698
0.301454
0.215212
0.599659
0.121127
0.555620
0.839115
0.551784
0.373510
0.534732
0.676244
0.827697
0.135142
0.273970
0.822934
0.418496
0.803591
0.792238
0.028256
0.153035
0.784010
0.168560
0.227042
0.125861
0.039687
0.768017
0.300202
0.371576
0.753724
0.601212
0.076949
0.595931
0.482984
0.909380
0.832242
0.974757
0.435097
0.939874
0.817005
0.532560
0.929657
0.542163
0.275269
0.887229
0.841842
0.904078
0.678889
0.997331
0.762010
0.146503
0.665148
0.353904
0.645767
0.989585
0.153988
0.027506
0.048248
0.635832
0.999436
0.399624
0.322512
0.928914
0.083887
0.889664
0.869025
0.738855
0.175009
0.727089
0.121013
0.094654
0.954428
0.833190
0.174265
0.487579
0.106947
0.267295
0.070813
0.858883
0.081361
0.884542
0.740357
0.374068
0.342171
0.851634
0.523607
0.184734
0.509404
0.306228
0.345677
0.954372
0.505770
0.635946
0.788858
0.145078
0.611552
0.833671
0.111482
0.550195
0.473587
0.974161
0.268053
0.638510
0.571766
0.698684
0.065580
0.227152
0.251568
0.412855
0.118147
0.304233
0.161729
0.749984
0.377796
0.413055
0.160550
0.357881
0.881985
0.525177
0.481122
0.689224
0.389067
0.360475
0.074546
0.750378
0.711924
0.452592
0.620933
0.555263
0.510140
0.154919
0.141278
0.781882
0.782666
0.185577
0.530582
0.109891
0.301186
0.123249
0.625617
0.276825
0.240227
0.595447
0.722198
0.705012
0.560221
0.306570
0.259741
0.875671
0.566244
0.797523
0.829172
0.544272
0.046126
0.127621
0.758254
0.562996
0.550264
0.941888
0.451135
0.991373
0.541100
0.504764
0.962153
0.402267
0.157412
0.819852
0.163820
0.722857
0.317791
0.443020
0.412469
0.562654
0.454781
0.764287
0.049792
0.074857
0.717896
0.567121
0.022534
0.853126
0.417151
0.459730
0.614818
0.891349
0.471922
0.152412
0.917302
0.015214
0.871082
0.572055
0.494700
0.545688
0.593863
0.956489
0.438731
0.968169
0.056188
0.557743
0.928673
0.577721
0.169920
0.557773
0.778238
0.048940
0.283344
0.619203
0.578005
0.565519
0.126997
0.966800
0.690326
0.044209
0.951835
0.535305
0.902248
0.433797
0.114527
0.991835
0.265951
0.472916
0.750899
0.015227
0.970592
0.390320
0.962330
0.212455
0.799825
0.145042
0.215875
0.298911
0.282099
0.077137
0.787516
0.443121
0.372789
0.496082
0.935126
0.958868
0.896113
0.325206
0.715065
0.253267
0.888536
0.576501
0.611130
0.245778
0.932921
0.109009
0.349566
0.451305
0.953396
0.861619
0.867621
0.864258
0.294824
0.911999
0.589708
0.436992
0.168542
0.239736
0.164386
0.765384
0.278997
0.734230
0.112442
0.979924
0.115894
0.634953
0.432288
0.398992
0.606131
0.400291
0.870360
0.291493
0.562183
0.726016
0.073327
0.881462
0.272571
0.658652
0.243679
0.223487
0.180008
0.133667
0.784021
0.703671
0.548759
0.802804
0.067315
0.048540
0.390436
0.266326
0.255120
0.928957
0.393038
0.190083
0.613892
0.555995
0.768560
0.737609
0.176623
0.312412
0.527442
0.085812
0.755126
0.131306
0.821623
0.899041
0.134333
0.410491
0.430866
0.718416
0.946884
0.077907
0.848731
0.567454
0.922621
0.543898
0.545054
0.295423
0.387300
0.687575
0.021824
0.468965
0.517819
0.426869
0.060152
0.000754
0.682711
0.468602
0.789496
0.270033
0.457640
0.382468
0.749067
0.670492
0.622760
0.500698
0.198436
0.321007
0.654234
0.326141
0.453721
0.927303
0.213848
0.101334
0.751639
0.398681
0.731981
0.118793
0.991265
0.042945
0.949262
0.860321
0.978248
0.801779
0.825842
0.465771
0.444672
0.693826
0.404621
0.627746
0.976753
0.126906
0.402064
0.269663
0.029600
0.076301
0.638886
0.224931
0.811472
0.932400
0.070264
0.232432
0.988275
0.556433
0.554063
0.488949
0.791642
0.283644
0.544398
0.546428
0.251110
0.143178
0.320784
0.758234
0.343106
0.865782
0.879831
0.713961
0.928135
0.594485
0.212343
0.060215
0.394508
0.948405
0.864727
0.891599
0.044798
0.892541
0.706337
0.071411
0.943058
0.991688
0.976183
0.668010
0.320515
0.157400
0.510930
0.386297
0.739356
0.094552
0.625008
0.853174
0.203382
0.807509
0.251861
0.753273
0.836426
0.802829
0.507794
0.681912
0.820738
0.921137
0.916644
0.714429
0.085007
0.019044
0.760881
0.816192
0.982824
0.304467
0.794044
0.520350
0.525348
0.885297
0.268056
0.668313
0.885563
0.730143
0.569751
0.282016
0.025125
0.546877
0.912293
0.861059
0.698529
0.174287
0.443246
0.068950
0.443809
0.646601
0.781591
0.091076
0.795450
0.650543
0.616269
0.066060
0.065673
0.248537
0.339908
0.268179
0.987152
0.416435
0.269831
0.961207
0.036846
0.644603
0.356446
0.566014
0.750615
0.910354
0.194618
0.451348
0.066198
0.158733
0.949999
0.938410
0.112878
0.766736
0.568694
0.127165
0.705517
0.630616
0.449824
0.730967
0.544781
0.652500
0.986798
0.024432
0.111353
0.734692
0.900437
0.248894
0.947122
0.469588
0.737113
0.814913
0.309073
0.669964
0.945007
0.529753
0.570538
